  -990.000000       0.00000000
  -980.000000       0.00000000
  -970.000000       0.00000000
  -960.000000       0.00000000
  -950.000000       0.00000000
  -940.000000       0.00000000
  -930.000000       0.00000000
  -920.000000       0.00000000
  -910.000000       0.00000000
  -900.000000       0.00000000
  -890.000000       0.00000000
  -880.000000       0.00000000
  -870.000000       0.00000000
  -860.000000       0.00000000
  -850.000000       0.00000000
  -840.000000       0.00000000
  -830.000000       0.00000000
  -820.000000       0.00000000
  -810.000000       0.00000000
  -800.000000       0.00000000
  -790.000000       0.00000000
  -780.000000       0.00000000
  -770.000000       0.00000000
  -760.000000       0.00000000
  -750.000000       0.00000000
  -740.000000       0.00000000
  -730.000000       0.00000000
  -720.000000       0.00000000
  -710.000000       0.00000000
  -700.000000       0.00000000
  -690.000000       0.00000000
  -680.000000       0.00000000
  -670.000000       0.00000000
  -660.000000       0.00000000
  -650.000000       0.00000000
  -640.000000       0.00000000
  -630.000000       0.00000000
  -620.000000       0.00000000
  -610.000000       0.00000000
  -600.000000       0.00000000
  -590.000000       0.00000000
  -580.000000       0.00000000
  -570.000000       0.00000000
  -560.000000       0.00000000
  -550.000000       0.00000000
  -540.000000       0.00000000
  -530.000000       0.00000000
  -520.000000       0.00000000
  -510.000000       0.00000000
  -500.000000       0.00000000
  -490.000000       0.00000000
  -480.000000       0.00000000
  -470.000000       0.00000000
  -460.000000       0.00000000
  -450.000000       0.00000000
  -440.000000       0.00000000
  -430.000000       0.00000000
  -420.000000       0.00000000
  -410.000000       0.00000000
  -400.000000       0.00000000
  -390.000000       0.00000000
  -380.000000       0.00000000
  -370.000000       0.00000000
  -360.000000       0.00000000
  -350.000000       0.00000000
  -340.000000       0.00000000
  -330.000000       0.00000000
  -320.000000       0.00000000
  -310.000000       0.00000000
  -300.000000       0.00000000
  -290.000000       0.00000000
  -280.000000       0.00000000
  -270.000000       0.00000000
  -260.000000       0.00000000
  -250.000000       0.00000000
  -240.000000       0.00000000
  -230.000000       0.00000000
  -220.000000       0.00000000
  -210.000000       0.00000000
  -200.000000       0.00000000
  -190.000000       0.00000000
  -180.000000       0.00000000
  -170.000000       0.00000000
  -160.000000       0.00000000
  -150.000000       0.00000000
  -140.000000       0.00000000
  -130.000000       0.00000000
  -120.000000       0.00000000
  -110.000000       0.00000000
  -100.000000       0.00000000
  -90.0000000       0.00000000
  -80.0000000       0.00000000
  -70.0000000       0.00000000
  -60.0000000       0.00000000
  -50.0000000       0.00000000
  -40.0000000       0.00000000
  -30.0000000       0.00000000
  -20.0000000       0.00000000
  -10.0000000       0.00000000
   0.00000000       0.00000000
   10.0000000       0.00000000
   20.0000000       0.00000000
   30.0000000       0.00000000
   40.0000000       0.00000000
   50.0000000       0.00000000
   60.0000000       0.00000000
   70.0000000       0.00000000
   80.0000000       0.00000000
   90.0000000       0.00000000
   100.000000       0.00000000
   110.000000       0.00000000
   120.000000       0.00000000
   130.000000       0.00000000
   140.000000       0.00000000
   150.000000       0.00000000
   160.000000       0.00000000
   170.000000       0.00000000
   180.000000       0.00000000
   190.000000       0.00000000
   200.000000       0.00000000
   210.000000       0.00000000
   220.000000       0.00000000
   230.000000       0.00000000
   240.000000       0.00000000
   250.000000       0.00000000
   260.000000       0.00000000
   270.000000       0.00000000
   280.000000       0.00000000
   290.000000       0.00000000
   300.000000       0.00000000
   310.000000       0.00000000
   320.000000       0.00000000
   330.000000       0.00000000
   340.000000       0.00000000
   350.000000       0.00000000
   360.000000       0.00000000
   370.000000       0.00000000
   380.000000       0.00000000
   390.000000       0.00000000
   400.000000       0.00000000
   410.000000       0.00000000
   420.000000       0.00000000
   430.000000       0.00000000
   440.000000       0.00000000
   450.000000       0.00000000
   460.000000       0.00000000
   470.000000       0.00000000
   480.000000       0.00000000
   490.000000       0.00000000
   500.000000       0.00000000
   510.000000       0.00000000
   520.000000       0.00000000
   530.000000       0.00000000
   540.000000       0.00000000
   550.000000       0.00000000
   560.000000       0.00000000
   570.000000       0.00000000
   580.000000       0.00000000
   590.000000       0.00000000
   600.000000       0.00000000
   610.000000       0.00000000
   620.000000       0.00000000
   630.000000       0.00000000
   640.000000       0.00000000
   650.000000       0.00000000
   660.000000       0.00000000
   670.000000       0.00000000
   680.000000       0.00000000
   690.000000       0.00000000
   700.000000       0.00000000
   710.000000       0.00000000
   720.000000       0.00000000
   730.000000       0.00000000
   740.000000       0.00000000
   750.000000       0.00000000
   760.000000       0.00000000
   770.000000       0.00000000
   780.000000       6.42074956E-42
   790.000000       9.63112435E-42
   800.000000       6.42074956E-42
   810.000000       0.00000000
   820.000000       0.00000000
   830.000000      -3.21037478E-42
   840.000000      -6.42074956E-42
   850.000000      -1.40129846E-45
   860.000000       1.92580448E-41
   870.000000       1.18768453E-40
   880.000000       6.32372366E-40
   890.000000       3.17793052E-39
   900.000000       1.54274259E-38
   910.000000       7.35001784E-38
   920.000000       3.44841302E-37
   930.000000       1.59524983E-36
   940.000000       7.27884699E-36
   950.000000       3.27608812E-35
   960.000000       1.45455751E-34
   970.000000       6.37098377E-34
   980.000000       2.75294863E-33
   990.000000       1.17360269E-32
   1000.00000       4.93617526E-32
   1010.00000       2.04843080E-31
   1020.00000       8.38741080E-31
   1030.00000       3.38863386E-30
   1040.00000       1.35090790E-29
   1050.00000       5.31428530E-29
   1060.00000       2.06298393E-28
   1070.00000       7.90299671E-28
   1080.00000       2.98776137E-27
   1090.00000       1.11473341E-26
   1100.00000       4.10468426E-26
   1110.00000       1.49170959E-25
   1120.00000       5.35052699E-25
   1130.00000       1.89421143E-24
   1140.00000       6.61898476E-24
   1150.00000       2.28295194E-23
   1160.00000       7.77240290E-23
   1170.00000       2.61202675E-22
   1180.00000       8.66511274E-22
   1190.00000       2.83762512E-21
   1200.00000       9.17339422E-21
   1210.00000       2.92758024E-20
   1220.00000       9.22359762E-20
   1230.00000       2.86889010E-19
   1240.00000       8.80963172E-19
   1250.00000       2.67079621E-18
   1260.00000       7.99412159E-18
   1270.00000       2.36241046E-17
   1280.00000       6.89290597E-17
   1290.00000       1.98572237E-16
   1300.00000       5.64821316E-16
   1310.00000       1.58630361E-15
   1320.00000       4.39896481E-15
   1330.00000       1.20450762E-14
   1340.00000       3.25663297E-14
   1350.00000       8.69427753E-14
   1360.00000       2.29196707E-13
   1370.00000       5.96620247E-13
   1380.00000       1.53357882E-12
   1390.00000       3.89257290E-12
   1400.00000       9.75647080E-12
   1410.00000       2.41477845E-11
   1420.00000       5.90190813E-11
   1430.00000       1.42442794E-10
   1440.00000       3.39486772E-10
   1450.00000       7.98988431E-10
   1460.00000       1.85692306E-09
   1470.00000       4.26170566E-09
   1480.00000       9.65847047E-09
   1490.00000       2.16156355E-08
   1500.00000       4.77706088E-08
   1510.00000       1.04252067E-07
   1520.00000       2.24665953E-07
   1530.00000       4.78096297E-07
   1540.00000       1.00465047E-06
   1550.00000       2.08464485E-06
   1560.00000       4.27131590E-06
   1570.00000       8.64168032E-06
   1580.00000       1.72637629E-05
   1590.00000       3.40538645E-05
   1600.00000       6.63259489E-05
   1610.00000       1.27549501E-04
   1620.00000       2.42182548E-04
   1630.00000       4.54010762E-04
   1640.00000       8.40306981E-04
   1650.00000       1.53549050E-03
   1660.00000       2.77000992E-03
   1670.00000       4.93318448E-03
   1680.00000       8.67304299E-03
   1690.00000       1.50521593E-02
   1700.00000       2.57865414E-02
   1710.00000       4.36051376E-02
   1720.00000       7.27803409E-02
   1730.00000      0.119895585
   1740.00000      0.194932550
   1750.00000      0.312777787
   1760.00000      0.495261312
   1770.00000      0.773847044
   1780.00000       1.19308674
   1790.00000       1.81491637
   1800.00000       2.72382355
   1810.00000       4.03280544
   1820.00000       5.88989305
   1830.00000       8.48482418
   1840.00000       12.0552025
   1850.00000       16.8911991
   1860.00000       23.3375683
   1870.00000       31.7915230
   1880.00000       42.6948433
   1890.00000       56.5185242
   1900.00000       73.7387772
   1910.00000       94.8032761
   1920.00000       120.087959
   1930.00000       149.845245
   1940.00000       184.146622
   1950.00000       222.823975
   1960.00000       265.415131
   1970.00000       311.120117
   1980.00000       358.777374
   1990.00000       406.865662
   2000.00000       453.537659
   2010.00000       496.690216
   2020.00000       534.069519
   2030.00000       563.407837
   2040.00000       582.583862
   2050.00000       589.791870
   2060.00000       583.704651
   2070.00000       563.613892
   2080.00000       529.530273
   2090.00000       482.227997
   2100.00000       423.229431
   2110.00000       354.725403
   2120.00000       279.432312
   2130.00000       200.406937
   2140.00000       120.832573
   2150.00000       43.7937050
   2160.00000      -27.9308205
   2170.00000      -92.0387421
   2180.00000      -146.829361
   2190.00000      -191.266464
   2200.00000      -224.979050
   2210.00000      -248.210449
   2220.00000      -261.722351
   2230.00000      -266.665375
   2240.00000      -264.440430
   2250.00000      -256.561676
   2260.00000      -244.532349
   2270.00000      -229.747849
   2280.00000      -213.427155
   2290.00000      -196.570343
   2300.00000      -179.946014
   2310.00000      -164.102859
   2320.00000      -149.391922
   2330.00000      -135.999298
   2340.00000      -123.985497
   2350.00000      -113.320541
   2360.00000      -103.914513
   2370.00000      -95.6453018
   2380.00000      -88.3780670
   2390.00000      -81.9784775
   2400.00000      -76.3217239
   2410.00000      -71.2964401
   2420.00000      -66.8066788
   2430.00000      -62.7721558
   2440.00000      -59.1255760
   2450.00000      -55.8112755
   2460.00000      -52.7848396
   2470.00000      -50.0091553
   2480.00000      -47.4521866
   2490.00000      -45.0888634
   2500.00000      -42.8984795
   2510.00000      -40.8616600
   2520.00000      -38.9627876
   2530.00000      -37.1896095
   2540.00000      -35.5300674
   2550.00000      -33.9739990
   2560.00000      -32.5139084
   2570.00000      -31.1422768
   2580.00000      -29.8523293
   2590.00000      -28.6389923
   2600.00000      -27.4969406
   2610.00000      -26.4208336
   2620.00000      -25.4061909
   2630.00000      -24.4483089
   2640.00000      -23.5425148
   2650.00000      -22.6842709
   2660.00000      -21.8681564
   2670.00000      -21.0893307
   2680.00000      -20.3442497
   2690.00000      -19.6284466
   2700.00000      -18.9375153
   2710.00000      -18.2685986
   2720.00000      -17.6188622
   2730.00000      -16.9860573
   2740.00000      -16.3697186
   2750.00000      -15.7691822
   2760.00000      -15.1839657
   2770.00000      -14.6152792
   2780.00000      -14.0640402
   2790.00000      -13.5308256
   2800.00000      -13.0175266
   2810.00000      -12.5249863
   2820.00000      -12.0525789
   2830.00000      -11.6010475
   2840.00000      -11.1710901
   2850.00000      -10.7616663
   2860.00000      -10.3718138
   2870.00000      -10.0003605
   2880.00000      -9.64562702
   2890.00000      -9.30712509
   2900.00000      -8.98364544
   2910.00000      -8.67237282
   2920.00000      -8.37232685
   2930.00000      -8.08303261
   2940.00000      -7.80183935
   2950.00000      -7.52741194
   2960.00000      -7.25991726
   2970.00000      -6.99720526
   2980.00000      -6.73718691
   2990.00000      -6.47988939
   3000.00000      -6.22431946
   3010.00000      -5.96915197
   3020.00000      -5.71442938
   3030.00000      -5.45951033
   3040.00000      -5.20422983
   3050.00000      -4.95022535
   3060.00000      -4.69781256
   3070.00000      -4.44714642
   3080.00000      -4.20097065
   3090.00000      -3.96088123
   3100.00000      -3.72673178
   3110.00000      -3.50067854
   3120.00000      -3.28466272
   3130.00000      -3.07782221
   3140.00000      -2.88027525
   3150.00000      -2.69285107
   3160.00000      -2.51404834
   3170.00000      -2.34240437
   3180.00000      -2.17744470
   3190.00000      -2.01742005
   3200.00000      -1.86074209
   3210.00000      -1.70709229
   3220.00000      -1.55553365
   3230.00000      -1.40518248
   3240.00000      -1.25624514
   3250.00000      -1.10879469
   3260.00000     -0.963052452
   3270.00000     -0.819402874
   3280.00000     -0.677151382
   3290.00000     -0.535997331
   3300.00000     -0.396523595
   3310.00000     -0.257662535
   3320.00000     -0.117954545
   3330.00000       2.21513789E-02
   3340.00000      0.163024724
   3350.00000      0.306404829
   3360.00000      0.451909900
   3370.00000      0.598225653
   3380.00000      0.745719075
   3390.00000      0.893874288
   3400.00000       1.04044843
   3410.00000       1.18469274
   3420.00000       1.32661462
   3430.00000       1.46421552
   3440.00000       1.59583533
   3450.00000       1.72249317
   3460.00000       1.84470463
   3470.00000       1.96090722
   3480.00000       2.07122946
   3490.00000       2.17792773
   3500.00000       2.28110361
   3510.00000       2.37962008
   3520.00000       2.47533560
   3530.00000       2.57050681
   3540.00000       2.66414785
   3550.00000       2.75585556
   3560.00000       2.84791541
   3570.00000       2.94109607
   3580.00000       3.03456283
   3590.00000       3.12944698
   3600.00000       3.22716022
   3610.00000       3.32722211
   3620.00000       3.42966771
   3630.00000       3.53544593
   3640.00000       3.64440918
   3650.00000       3.75617194
   3660.00000       3.87054753
   3670.00000       3.98609567
   3680.00000       4.10168171
   3690.00000       4.21784639
   3700.00000       4.33382082
   3710.00000       4.44704866
   3720.00000       4.55683994
   3730.00000       4.66386318
   3740.00000       4.76699495
   3750.00000       4.86508226
   3760.00000       4.95924377
   3770.00000       5.05056095
   3780.00000       5.13891363
   3790.00000       5.22502661
   3800.00000       5.31035471
   3810.00000       5.39548254
   3820.00000       5.48061752
   3830.00000       5.56644106
   3840.00000       5.65372276
   3850.00000       5.74267626
   3860.00000       5.83253908
   3870.00000       5.92251444
   3880.00000       6.01316929
   3890.00000       6.10495758
   3900.00000       6.19681740
   3910.00000       6.28844500
   3920.00000       6.38085985
   3930.00000       6.47374916
   3940.00000       6.56648064
   3950.00000       6.66037941
   3960.00000       6.75608873
   3970.00000       6.85232067
   3980.00000       6.94927788
   3990.00000       7.04821491
   4000.00000       7.14824581
   4010.00000       7.24817705
   4020.00000       7.34853935
   4030.00000       7.44896030
   4040.00000       7.54758406
   4050.00000       7.64376354
   4060.00000       7.73758936
   4070.00000       7.82789373
   4080.00000       7.91350842
   4090.00000       7.99472094
   4100.00000       8.07191467
   4110.00000       8.14478016
   4120.00000       8.21395969
   4130.00000       8.28146553
   4140.00000       8.34887791
   4150.00000       8.41723061
   4160.00000       8.48858929
   4170.00000       8.56532955
   4180.00000       8.64850807
   4190.00000       8.73873234
