  -990.000000       0.00000000
  -980.000000       0.00000000
  -970.000000       0.00000000
  -960.000000       0.00000000
  -950.000000       0.00000000
  -940.000000       0.00000000
  -930.000000       0.00000000
  -920.000000       0.00000000
  -910.000000       0.00000000
  -900.000000       0.00000000
  -890.000000       0.00000000
  -880.000000       0.00000000
  -870.000000       0.00000000
  -860.000000       0.00000000
  -850.000000       0.00000000
  -840.000000       0.00000000
  -830.000000       0.00000000
  -820.000000       0.00000000
  -810.000000       0.00000000
  -800.000000       0.00000000
  -790.000000       0.00000000
  -780.000000       0.00000000
  -770.000000       0.00000000
  -760.000000       0.00000000
  -750.000000       0.00000000
  -740.000000       0.00000000
  -730.000000       0.00000000
  -720.000000       0.00000000
  -710.000000       0.00000000
  -700.000000       0.00000000
  -690.000000       0.00000000
  -680.000000       0.00000000
  -670.000000       0.00000000
  -660.000000       0.00000000
  -650.000000       0.00000000
  -640.000000       0.00000000
  -630.000000       0.00000000
  -620.000000       0.00000000
  -610.000000       0.00000000
  -600.000000       0.00000000
  -590.000000       0.00000000
  -580.000000       0.00000000
  -570.000000       0.00000000
  -560.000000       0.00000000
  -550.000000       0.00000000
  -540.000000       0.00000000
  -530.000000       0.00000000
  -520.000000       0.00000000
  -510.000000       0.00000000
  -500.000000       0.00000000
  -490.000000       0.00000000
  -480.000000       0.00000000
  -470.000000       0.00000000
  -460.000000       0.00000000
  -450.000000       0.00000000
  -440.000000       0.00000000
  -430.000000       0.00000000
  -420.000000       0.00000000
  -410.000000       0.00000000
  -400.000000       0.00000000
  -390.000000       0.00000000
  -380.000000       0.00000000
  -370.000000       0.00000000
  -360.000000       0.00000000
  -350.000000       0.00000000
  -340.000000       0.00000000
  -330.000000       0.00000000
  -320.000000       0.00000000
  -310.000000       0.00000000
  -300.000000       0.00000000
  -290.000000       0.00000000
  -280.000000       0.00000000
  -270.000000       0.00000000
  -260.000000       0.00000000
  -250.000000       0.00000000
  -240.000000       0.00000000
  -230.000000       0.00000000
  -220.000000       0.00000000
  -210.000000       0.00000000
  -200.000000       0.00000000
  -190.000000       0.00000000
  -180.000000       0.00000000
  -170.000000       0.00000000
  -160.000000       0.00000000
  -150.000000       0.00000000
  -140.000000       0.00000000
  -130.000000       0.00000000
  -120.000000       0.00000000
  -110.000000       0.00000000
  -100.000000       0.00000000
  -90.0000000       0.00000000
  -80.0000000       0.00000000
  -70.0000000       0.00000000
  -60.0000000       0.00000000
  -50.0000000       0.00000000
  -40.0000000       0.00000000
  -30.0000000       0.00000000
  -20.0000000       0.00000000
  -10.0000000       0.00000000
   0.00000000       0.00000000
   10.0000000       0.00000000
   20.0000000       0.00000000
   30.0000000       0.00000000
   40.0000000       0.00000000
   50.0000000       0.00000000
   60.0000000       0.00000000
   70.0000000       0.00000000
   80.0000000       0.00000000
   90.0000000       0.00000000
   100.000000       0.00000000
   110.000000       0.00000000
   120.000000       0.00000000
   130.000000       0.00000000
   140.000000       0.00000000
   150.000000       0.00000000
   160.000000       0.00000000
   170.000000       0.00000000
   180.000000       0.00000000
   190.000000       0.00000000
   200.000000       0.00000000
   210.000000       0.00000000
   220.000000       0.00000000
   230.000000       0.00000000
   240.000000       0.00000000
   250.000000       0.00000000
   260.000000       0.00000000
   270.000000       0.00000000
   280.000000       0.00000000
   290.000000       0.00000000
   300.000000       0.00000000
   310.000000       0.00000000
   320.000000       0.00000000
   330.000000       0.00000000
   340.000000       0.00000000
   350.000000       0.00000000
   360.000000       0.00000000
   370.000000       0.00000000
   380.000000       0.00000000
   390.000000       0.00000000
   400.000000       0.00000000
   410.000000       0.00000000
   420.000000       0.00000000
   430.000000       0.00000000
   440.000000       0.00000000
   450.000000       0.00000000
   460.000000       0.00000000
   470.000000       0.00000000
   480.000000       0.00000000
   490.000000       0.00000000
   500.000000       0.00000000
   510.000000       0.00000000
   520.000000       0.00000000
   530.000000       0.00000000
   540.000000       0.00000000
   550.000000       0.00000000
   560.000000       0.00000000
   570.000000       0.00000000
   580.000000       0.00000000
   590.000000       0.00000000
   600.000000       0.00000000
   610.000000       0.00000000
   620.000000       0.00000000
   630.000000       0.00000000
   640.000000       0.00000000
   650.000000       0.00000000
   660.000000       0.00000000
   670.000000       0.00000000
   680.000000       0.00000000
   690.000000       0.00000000
   700.000000       0.00000000
   710.000000       0.00000000
   720.000000       0.00000000
   730.000000       0.00000000
   740.000000       0.00000000
   750.000000       0.00000000
   760.000000       0.00000000
   770.000000       3.28324230E-42
   780.000000       6.56648460E-42
   790.000000       9.84972691E-42
   800.000000       1.31329692E-41
   810.000000       1.31329692E-41
   820.000000       1.31329692E-41
   830.000000       1.96994538E-41
   840.000000       2.62659384E-41
   850.000000       3.93989076E-41
   860.000000       1.24766010E-40
   870.000000       4.99076652E-40
   880.000000       2.32794491E-39
   890.000000       1.12982575E-38
   900.000000       5.42454406E-38
   910.000000       2.57069100E-37
   920.000000       1.20171347E-36
   930.000000       5.54030526E-36
   940.000000       2.51925228E-35
   950.000000       1.12988150E-34
   960.000000       4.99843432E-34
   970.000000       2.18118046E-33
   980.000000       9.38904072E-33
   990.000000       3.98693036E-32
   1000.00000       1.67016518E-31
   1010.00000       6.90237540E-31
   1020.00000       2.81430519E-30
   1030.00000       1.13211797E-29
   1040.00000       4.49339347E-29
   1050.00000       1.75967922E-28
   1060.00000       6.79958763E-28
   1070.00000       2.59259714E-27
   1080.00000       9.75447617E-27
   1090.00000       3.62161204E-26
   1100.00000       1.32691014E-25
   1110.00000       4.79771792E-25
   1120.00000       1.71195892E-24
   1130.00000       6.02876613E-24
   1140.00000       2.09532485E-23
   1150.00000       7.18741457E-23
   1160.00000       2.43334130E-22
   1170.00000       8.13115563E-22
   1180.00000       2.68182335E-21
   1190.00000       8.73064660E-21
   1200.00000       2.80549743E-20
   1210.00000       8.89876573E-20
   1220.00000       2.78621288E-19
   1230.00000       8.61136325E-19
   1240.00000       2.62730512E-18
   1250.00000       7.91293795E-18
   1260.00000       2.35266991E-17
   1270.00000       6.90537522E-17
   1280.00000       2.00089101E-16
   1290.00000       5.72368591E-16
   1300.00000       1.61640589E-15
   1310.00000       4.50664473E-15
   1320.00000       1.24048001E-14
   1330.00000       3.37104815E-14
   1340.00000       9.04448296E-14
   1350.00000       2.39580030E-13
   1360.00000       6.26569760E-13
   1370.00000       1.61787239E-12
   1380.00000       4.12456657E-12
   1390.00000       1.03818438E-11
   1400.00000       2.58009204E-11
   1410.00000       6.33086222E-11
   1420.00000       1.53376575E-10
   1430.00000       3.66880942E-10
   1440.00000       8.66486660E-10
   1450.00000       2.02055039E-09
   1460.00000       4.65209160E-09
   1470.00000       1.05754099E-08
   1480.00000       2.37364279E-08
   1490.00000       5.26018482E-08
   1500.00000       1.15093826E-07
   1510.00000       2.48636923E-07
   1520.00000       5.30320847E-07
   1530.00000       1.11677912E-06
   1540.00000       2.32191769E-06
   1550.00000       4.76620107E-06
   1560.00000       9.65913387E-06
   1570.00000       1.93258220E-05
   1580.00000       3.81737518E-05
   1590.00000       7.44407807E-05
   1600.00000       1.43307159E-04
   1610.00000       2.72349542E-04
   1620.00000       5.10948885E-04
   1630.00000       9.46258195E-04
   1640.00000       1.72986300E-03
   1650.00000       3.12155788E-03
   1660.00000       5.56000974E-03
   1670.00000       9.77485161E-03
   1680.00000       1.69613380E-02
   1690.00000       2.90475395E-02
   1700.00000       4.90954146E-02
   1710.00000       8.18910822E-02
   1720.00000      0.134795994
   1730.00000      0.218948066
   1740.00000      0.350919396
   1750.00000      0.554947972
   1760.00000      0.865866244
   1770.00000       1.33283567
   1780.00000       2.02395749
   1790.00000       3.03175950
   1800.00000       4.47944927
   1810.00000       6.52764940
   1820.00000       9.38110638
   1830.00000       13.2946529
   1840.00000       18.5773296
   1850.00000       25.5933514
   1860.00000       34.7583885
   1870.00000       46.5293732
   1880.00000       61.3863983
   1890.00000       79.8052521
   1900.00000       102.220184
   1910.00000       128.976974
   1920.00000       160.278336
   1930.00000       196.124634
   1940.00000       236.255051
   1950.00000       280.095276
   1960.00000       326.719421
   1970.00000       374.833527
   1980.00000       422.788116
   1990.00000       468.625397
   2000.00000       510.162079
   2010.00000       545.108521
   2020.00000       571.216125
   2030.00000       586.444641
   2040.00000       589.131714
   2050.00000       578.151978
   2060.00000       553.044678
   2070.00000       514.096375
   2080.00000       462.362976
   2090.00000       399.630035
   2100.00000       328.306244
   2110.00000       251.262344
   2120.00000       171.633316
   2130.00000       92.5946732
   2140.00000       17.1390705
   2150.00000      -52.1163177
   2160.00000      -113.084930
   2170.00000      -164.314621
   2180.00000      -205.024811
   2190.00000      -235.084198
   2200.00000      -254.942032
   2210.00000      -265.517426
   2220.00000      -268.062958
   2230.00000      -264.025574
   2240.00000      -254.915375
   2250.00000      -242.190887
   2260.00000      -227.171204
   2270.00000      -210.981598
   2280.00000      -194.524963
   2290.00000      -178.475845
   2300.00000      -163.297867
   2310.00000      -149.274200
   2320.00000      -136.539566
   2330.00000      -125.116966
   2340.00000      -114.955727
   2350.00000      -105.958733
   2360.00000      -98.0022202
   2370.00000      -90.9564056
   2380.00000      -84.6977921
   2390.00000      -79.1120605
   2400.00000      -74.0980759
   2410.00000      -69.5711060
   2420.00000      -65.4598923
   2430.00000      -61.7038193
   2440.00000      -58.2535057
   2450.00000      -55.0685806
   2460.00000      -52.1143684
   2470.00000      -49.3615227
   2480.00000      -46.7864037
   2490.00000      -44.3697014
   2500.00000      -42.0947113
   2510.00000      -39.9470825
   2520.00000      -37.9152908
   2530.00000      -35.9904900
   2540.00000      -34.1650581
   2550.00000      -32.4324875
   2560.00000      -30.7876644
   2570.00000      -29.2260742
   2580.00000      -27.7434864
   2590.00000      -26.3362942
   2600.00000      -25.0003967
   2610.00000      -23.7306767
   2620.00000      -22.5228710
   2630.00000      -21.3736000
   2640.00000      -20.2779655
   2650.00000      -19.2301826
   2660.00000      -18.2261009
   2670.00000      -17.2623119
   2680.00000      -16.3339481
   2690.00000      -15.4363251
   2700.00000      -14.5673952
   2710.00000      -13.7258730
   2720.00000      -12.9090986
   2730.00000      -12.1156282
   2740.00000      -11.3468580
   2750.00000      -10.6036034
   2760.00000      -9.88556957
   2770.00000      -9.19461918
   2780.00000      -8.53337955
   2790.00000      -7.90236950
   2800.00000      -7.30238867
   2810.00000      -6.73553991
   2820.00000      -6.20212317
   2830.00000      -5.70104361
   2840.00000      -5.23217726
   2850.00000      -4.79519272
   2860.00000      -4.38870764
   2870.00000      -4.01152372
   2880.00000      -3.66250801
   2890.00000      -3.34035707
   2900.00000      -3.04370666
   2910.00000      -2.77045608
   2920.00000      -2.51879644
   2930.00000      -2.28810501
   2940.00000      -2.07651401
   2950.00000      -1.88077116
   2960.00000      -1.69944167
   2970.00000      -1.53170180
   2980.00000      -1.37445641
   2990.00000      -1.22492814
   3000.00000      -1.08318818
   3010.00000     -0.949397802
   3020.00000     -0.821795285
   3030.00000     -0.699360549
   3040.00000     -0.584080994
   3050.00000     -0.478515178
   3060.00000     -0.383227885
   3070.00000     -0.299154669
   3080.00000     -0.229240790
   3090.00000     -0.175303996
   3100.00000     -0.137466148
   3110.00000     -0.116654590
   3120.00000     -0.113147616
   3130.00000     -0.125283867
   3140.00000     -0.151694968
   3150.00000     -0.190573320
   3160.00000     -0.238473251
   3170.00000     -0.293090701
   3180.00000     -0.352950007
   3190.00000     -0.415113002
   3200.00000     -0.477932513
   3210.00000     -0.541827619
   3220.00000     -0.605607092
   3230.00000     -0.667767286
   3240.00000     -0.729361176
   3250.00000     -0.791388094
   3260.00000     -0.853284061
   3270.00000     -0.914615870
   3280.00000     -0.974975765
   3290.00000      -1.03378475
   3300.00000      -1.09047949
   3310.00000      -1.14345896
   3320.00000      -1.19118297
   3330.00000      -1.23353899
   3340.00000      -1.26982713
   3350.00000      -1.29885566
   3360.00000      -1.32113516
   3370.00000      -1.33720291
   3380.00000      -1.34680772
   3390.00000      -1.35120058
   3400.00000      -1.35159576
   3410.00000      -1.34752738
   3420.00000      -1.33977640
   3430.00000      -1.32963073
   3440.00000      -1.31578839
   3450.00000      -1.29738343
   3460.00000      -1.27548814
   3470.00000      -1.24900329
   3480.00000      -1.21578419
   3490.00000      -1.17637920
   3500.00000      -1.13117433
   3510.00000      -1.07871163
   3520.00000      -1.01892495
   3530.00000     -0.952579618
   3540.00000     -0.879303098
   3550.00000     -0.799388647
   3560.00000     -0.713476598
   3570.00000     -0.620590270
   3580.00000     -0.520069063
   3590.00000     -0.412611634
   3600.00000     -0.297787309
   3610.00000     -0.173753545
   3620.00000      -3.91952619E-02
   3630.00000      0.106377944
   3640.00000      0.263654053
   3650.00000      0.434044003
   3660.00000      0.618386805
   3670.00000      0.815789461
   3680.00000       1.02539325
   3690.00000       1.24690306
   3700.00000       1.47805035
   3710.00000       1.71523774
   3720.00000       1.95593357
   3730.00000       2.19709826
   3740.00000       2.43433499
   3750.00000       2.66430163
   3760.00000       2.88518858
   3770.00000       3.09600639
   3780.00000       3.29661012
   3790.00000       3.48725200
   3800.00000       3.66996717
   3810.00000       3.84963918
   3820.00000       4.03053808
   3830.00000       4.21531487
   3840.00000       4.40832186
   3850.00000       4.61390734
   3860.00000       4.83297110
   3870.00000       5.06565094
   3880.00000       5.31267071
   3890.00000       5.57215786
   3900.00000       5.83999252
   3910.00000       6.11275768
   3920.00000       6.38784027
   3930.00000       6.66235828
   3940.00000       6.93310833
   3950.00000       7.19785643
   3960.00000       7.45636654
   3970.00000       7.70856667
   3980.00000       7.95368099
   3990.00000       8.19263744
   4000.00000       8.42718983
   4010.00000       8.65684414
   4020.00000       8.88089752
   4030.00000       9.10048008
   4040.00000       9.31525040
   4050.00000       9.52266788
   4060.00000       9.72168159
   4070.00000       9.91264248
   4080.00000       10.0945244
   4090.00000       10.2657385
   4100.00000       10.4266310
   4110.00000       10.5788107
   4120.00000       10.7232666
   4130.00000       10.8608618
   4140.00000       10.9936247
   4150.00000       11.1238813
   4160.00000       11.2530041
   4170.00000       11.3818321
   4180.00000       11.5112581
   4190.00000       11.6419230
   4200.00000       11.7736492
   4210.00000       11.9051380
   4220.00000       12.0349045
   4230.00000       12.1620970
   4240.00000       12.2852163
   4250.00000       12.4018373
   4260.00000       12.5107384
   4270.00000       12.6115007
   4280.00000       12.7025070
   4290.00000       12.7826614
   4300.00000       12.8530893
   4310.00000       12.9146872
   4320.00000       12.9671116
   4330.00000       13.0112209
   4340.00000       13.0489779
   4350.00000       13.0810785
   4360.00000       13.1076975
   4370.00000       13.1301527
   4380.00000       13.1497374
   4390.00000       13.1665974
   4400.00000       13.1807928
   4410.00000       13.1926184
   4420.00000       13.2016964
   4430.00000       13.2075033
   4440.00000       13.2099457
   4450.00000       13.2084866
   4460.00000       13.2023640
   4470.00000       13.1915674
   4480.00000       13.1762581
   4490.00000       13.1563921
   4500.00000       13.1327209
   4510.00000       13.1065702
   4520.00000       13.0789833
   4530.00000       13.0514812
   4540.00000       13.0266390
   4550.00000       13.0066729
   4560.00000       12.9927473
   4570.00000       12.9862204
   4580.00000       12.9887209
   4590.00000       13.0005999
   4600.00000       13.0210352
   4610.00000       13.0490580
   4620.00000       13.0827417
   4630.00000       13.1194239
   4640.00000       13.1571875
   4650.00000       13.1936817
   4660.00000       13.2257261
   4670.00000       13.2521753
   4680.00000       13.2732916
   4690.00000       13.2881184
   4700.00000       13.2972279
   4710.00000       13.3041687
   4720.00000       13.3114052
   4730.00000       13.3204079
   4740.00000       13.3348379
   4750.00000       13.3584023
   4760.00000       13.3926773
   4770.00000       13.4389067
   4780.00000       13.4982157
   4790.00000       13.5707502
   4800.00000       13.6558180
   4810.00000       13.7515669
   4820.00000       13.8557119
   4830.00000       13.9665823
   4840.00000       14.0816088
   4850.00000       14.1977167
   4860.00000       14.3134689
   4870.00000       14.4276123
   4880.00000       14.5383854
   4890.00000       14.6457729
   4900.00000       14.7505770
   4910.00000       14.8530979
   4920.00000       14.9550714
   4930.00000       15.0591030
   4940.00000       15.1667652
   4950.00000       15.2799168
   4960.00000       15.4007416
   4970.00000       15.5303040
   4980.00000       15.6692848
   4990.00000       15.8181133
   5000.00000       15.9760504
   5010.00000       16.1419640
   5020.00000       16.3147621
   5030.00000       16.4933052
   5040.00000       16.6767292
   5050.00000       16.8638630
   5060.00000       17.0539169
   5070.00000       17.2480736
   5080.00000       17.4474983
   5090.00000       17.6521187
   5100.00000       17.8634453
   5110.00000       18.0840302
   5120.00000       18.3146534
   5130.00000       18.5562000
   5140.00000       18.8102093
   5150.00000       19.0761738
   5160.00000       19.3529911
   5170.00000       19.6407509
   5180.00000       19.9380379
   5190.00000       20.2421284
   5200.00000       20.5518227
   5210.00000       20.8657207
   5220.00000       21.1811180
   5230.00000       21.4970074
   5240.00000       21.8138313
   5250.00000       22.1309013
   5260.00000       22.4482346
   5270.00000       22.7683125
   5280.00000       23.0931587
   5290.00000       23.4238052
   5300.00000       23.7636185
   5310.00000       24.1166973
   5320.00000       24.4843884
   5330.00000       24.8682346
   5340.00000       25.2720604
   5350.00000       25.6976967
   5360.00000       26.1446552
   5370.00000       26.6139202
   5380.00000       27.1068554
   5390.00000       27.6227589
   5400.00000       28.1604881
   5410.00000       28.7196598
   5420.00000       29.2998848
   5430.00000       29.9000778
   5440.00000       30.5181694
   5450.00000       31.1526299
   5460.00000       31.8029613
   5470.00000       32.4671440
   5480.00000       33.1419144
   5490.00000       33.8258171
   5500.00000       34.5179634
   5510.00000       35.2162933
   5520.00000       35.9195900
   5530.00000       36.6278610
   5540.00000       37.3413048
   5550.00000       38.0609055
   5560.00000       38.7883606
   5570.00000       39.5260162
   5580.00000       40.2771873
   5590.00000       41.0449333
   5600.00000       41.8318787
   5610.00000       42.6417274
   5620.00000       43.4777794
   5630.00000       44.3417587
   5640.00000       45.2360001
   5650.00000       46.1629639
   5660.00000       47.1233749
   5670.00000       48.1185608
   5680.00000       49.1509361
   5690.00000       50.2215233
   5700.00000       51.3314705
   5710.00000       52.4838905
   5720.00000       53.6817131
   5730.00000       54.9275322
   5740.00000       56.2254982
   5750.00000       57.5803947
   5760.00000       58.9968185
   5770.00000       60.4804153
   5780.00000       62.0379486
   5790.00000       63.6765137
   5800.00000       65.4042282
   5810.00000       67.2306137
   5820.00000       69.1659470
   5830.00000       71.2211990
   5840.00000       73.4097824
   5850.00000       75.7473297
   5860.00000       78.2507553
   5870.00000       80.9397430
   5880.00000       83.8378372
   5890.00000       86.9711304
   5900.00000       90.3690872
   5910.00000       94.0663757
   5920.00000       98.1016541
   5930.00000       102.517433
   5940.00000       107.362267
   5950.00000       112.690048
   5960.00000       118.557854
   5970.00000       125.026688
   5980.00000       132.161713
   5990.00000       140.029160
   6000.00000       148.692856
   6010.00000       158.210938
   6020.00000       168.630005
   6030.00000       179.976196
   6040.00000       192.245865
   6050.00000       205.393616
   6060.00000       219.317368
   6070.00000       233.841156
   6080.00000       248.698547
   6090.00000       263.517059
   6100.00000       277.800781
   6110.00000       290.918610
   6120.00000       302.100891
   6130.00000       310.441864
   6140.00000       314.914429
   6150.00000       314.402954
   6160.00000       307.744934
   6170.00000       293.792328
   6180.00000       271.490723
   6190.00000       239.967529
   6200.00000       198.625534
   6210.00000       147.243835
   6220.00000       86.0666122
   6230.00000       15.8696814
   6240.00000      -61.9970016
   6250.00000      -145.604034
   6260.00000      -232.486374
   6270.00000      -319.735565
   6280.00000      -404.137543
   6290.00000      -482.351501
   6300.00000      -551.122498
   6310.00000      -607.505249
   6320.00000      -649.079285
   6330.00000      -674.136414
   6340.00000      -681.821838
   6350.00000      -672.209839
   6360.00000      -646.304810
   6370.00000      -605.961426
   6380.00000      -553.740173
   6390.00000      -492.701874
   6400.00000      -426.165436
   6410.00000      -357.458008
   6420.00000      -289.677795
   6430.00000      -225.492584
   6440.00000      -166.997147
   6450.00000      -115.634995
   6460.00000      -72.1844101
   6470.00000      -36.8080902
   6480.00000      -9.15367413
   6490.00000       11.5191126
   6500.00000       26.2003288
   6510.00000       35.9933548
   6520.00000       41.9974670
   6530.00000       45.2206383
   6540.00000       46.5230217
   6550.00000       46.5895462
   6560.00000       45.9292107
   6570.00000       44.8938713
   6580.00000       43.7056847
   6590.00000       42.4887619
   6600.00000       41.3029442
   6610.00000       40.1701622
   6620.00000       39.0899391
   6630.00000       38.0539665
   6640.00000       37.0569420
   6650.00000       36.0959091
   6660.00000       35.1690750
   6670.00000       34.2792969
   6680.00000       33.4311028
   6690.00000       32.6268082
   6700.00000       31.8695564
   6710.00000       31.1617184
   6720.00000       30.5002365
   6730.00000       29.8815975
   6740.00000       29.3042965
   6750.00000       28.7634468
   6760.00000       28.2527657
   6770.00000       27.7690067
   6780.00000       27.3087597
   6790.00000       26.8681450
   6800.00000       26.4460831
   6810.00000       26.0418072
   6820.00000       25.6536751
   6830.00000       25.2821827
   6840.00000       24.9286900
   6850.00000       24.5931301
   6860.00000       24.2753429
   6870.00000       23.9748077
   6880.00000       23.6892147
   6890.00000       23.4153194
   6900.00000       23.1497650
   6910.00000       22.8892937
   6920.00000       22.6304379
   6930.00000       22.3687515
   6940.00000       22.1000805
   6950.00000       21.8220119
   6960.00000       21.5326176
   6970.00000       21.2300110
   6980.00000       20.9132462
   6990.00000       20.5826969
   7000.00000       20.2403069
   7010.00000       19.8884621
   7020.00000       19.5287781
   7030.00000       19.1643848
   7040.00000       18.8010845
   7050.00000       18.4440880
   7060.00000       18.0971603
   7070.00000       17.7643909
   7080.00000       17.4502640
   7090.00000       17.1592026
   7100.00000       16.8943653
   7110.00000       16.6569233
   7120.00000       16.4476337
   7130.00000       16.2662315
   7140.00000       16.1098328
   7150.00000       15.9753361
   7160.00000       15.8598003
   7170.00000       15.7582092
   7180.00000       15.6660461
   7190.00000       15.5800161
   7200.00000       15.4951878
   7210.00000       15.4083233
   7220.00000       15.3194761
   7230.00000       15.2269583
   7240.00000       15.1293173
   7250.00000       15.0290041
   7260.00000       14.9274254
   7270.00000       14.8247337
   7280.00000       14.7240553
   7290.00000       14.6278954
   7300.00000       14.5366459
   7310.00000       14.4523067
   7320.00000       14.3763037
   7330.00000       14.3085423
   7340.00000       14.2508554
   7350.00000       14.2046356
   7360.00000       14.1693382
   7370.00000       14.1457481
   7380.00000       14.1343279
   7390.00000       14.1340542
   7400.00000       14.1453333
   7410.00000       14.1677923
   7420.00000       14.1992149
   7430.00000       14.2392559
   7440.00000       14.2871027
   7450.00000       14.3397217
   7460.00000       14.3963280
   7470.00000       14.4566269
   7480.00000       14.5179729
   7490.00000       14.5798550
   7500.00000       14.6422758
   7510.00000       14.7016916
   7520.00000       14.7568712
   7530.00000       14.8100815
   7540.00000       14.8601761
   7550.00000       14.9048300
   7560.00000       14.9451218
   7570.00000       14.9815140
   7580.00000       15.0130682
   7590.00000       15.0411768
   7600.00000       15.0679235
   7610.00000       15.0934744
   7620.00000       15.1176910
   7630.00000       15.1419678
   7640.00000       15.1684837
   7650.00000       15.1978607
   7660.00000       15.2295446
   7670.00000       15.2647009
   7680.00000       15.3047771
   7690.00000       15.3491535
   7700.00000       15.3983097
   7710.00000       15.4544249
   7720.00000       15.5174217
   7730.00000       15.5862961
   7740.00000       15.6618938
   7750.00000       15.7444639
   7760.00000       15.8327560
   7770.00000       15.9257717
   7780.00000       16.0220413
   7790.00000       16.1195831
   7800.00000       16.2170429
   7810.00000       16.3125477
   7820.00000       16.4039688
   7830.00000       16.4912453
   7840.00000       16.5752487
   7850.00000       16.6559944
   7860.00000       16.7340584
   7870.00000       16.8115978
   7880.00000       16.8915501
   7890.00000       16.9768124
   7900.00000       17.0695629
   7910.00000       17.1713486
   7920.00000       17.2836552
   7930.00000       17.4074135
   7940.00000       17.5423717
   7950.00000       17.6872406
   7960.00000       17.8396645
   7970.00000       17.9966469
   7980.00000       18.1554146
   7990.00000       18.3131809
   8000.00000       18.4669075
   8010.00000       18.6144733
   8020.00000       18.7547588
   8030.00000       18.8865356
   8040.00000       19.0094509
   8050.00000       19.1254749
   8060.00000       19.2369366
   8070.00000       19.3447342
   8080.00000       19.4506702
   8090.00000       19.5580750
   8100.00000       19.6684093
   8110.00000       19.7813911
   8120.00000       19.8979301
   8130.00000       20.0186634
   8140.00000       20.1416874
   8150.00000       20.2643909
   8160.00000       20.3844833
   8170.00000       20.4996414
   8180.00000       20.6081142
   8190.00000       20.7079277
   8200.00000       20.7968540
   8210.00000       20.8749542
   8220.00000       20.9436932
   8230.00000       21.0033035
   8240.00000       21.0554733
   8250.00000       21.1045532
   8260.00000       21.1530323
   8270.00000       21.2021179
   8280.00000       21.2559090
   8290.00000       21.3181667
   8300.00000       21.3892403
   8310.00000       21.4698219
   8320.00000       21.5612774
   8330.00000       21.6626091
   8340.00000       21.7722111
   8350.00000       21.8886623
   8360.00000       22.0082932
   8370.00000       22.1272316
   8380.00000       22.2431622
   8390.00000       22.3521576
   8400.00000       22.4498501
   8410.00000       22.5349655
   8420.00000       22.6067581
   8430.00000       22.6639462
   8440.00000       22.7073479
   8450.00000       22.7387047
   8460.00000       22.7601986
   8470.00000       22.7761593
   8480.00000       22.7900391
   8490.00000       22.8034077
   8500.00000       22.8199978
   8510.00000       22.8433170
   8520.00000       22.8735275
   8530.00000       22.9116993
   8540.00000       22.9594650
   8550.00000       23.0153198
   8560.00000       23.0786858
   8570.00000       23.1505413
   8580.00000       23.2291317
   8590.00000       23.3143044
   8600.00000       23.4093876
   8610.00000       23.5143909
   8620.00000       23.6283627
   8630.00000       23.7541180
   8640.00000       23.8922310
   8650.00000       24.0405579
   8660.00000       24.1995411
   8670.00000       24.3675385
   8680.00000       24.5389900
   8690.00000       24.7106667
   8700.00000       24.8796520
   8710.00000       25.0397339
   8720.00000       25.1862354
   8730.00000       25.3169518
   8740.00000       25.4293575
   8750.00000       25.5224686
   8760.00000       25.5977440
   8770.00000       25.6583138
   8780.00000       25.7094784
   8790.00000       25.7568722
   8800.00000       25.8058586
   8810.00000       25.8633652
   8820.00000       25.9352665
   8830.00000       26.0250511
   8840.00000       26.1364326
   8850.00000       26.2706051
   8860.00000       26.4248657
   8870.00000       26.5973415
   8880.00000       26.7850590
   8890.00000       26.9808598
   8900.00000       27.1788445
   8910.00000       27.3754082
   8920.00000       27.5650616
   8930.00000       27.7431431
   8940.00000       27.9078140
   8950.00000       28.0574360
   8960.00000       28.1916313
   8970.00000       28.3113956
   8980.00000       28.4174080
   8990.00000       28.5120544
   9000.00000       28.5983086
   9010.00000       28.6767654
   9020.00000       28.7492390
   9030.00000       28.8189373
   9040.00000       28.8862476
   9050.00000       28.9522285
   9060.00000       29.0202866
   9070.00000       29.0901337
   9080.00000       29.1604462
   9090.00000       29.2342224
   9100.00000       29.3132343
   9110.00000       29.3955498
   9120.00000       29.4815483
   9130.00000       29.5738468
   9140.00000       29.6732101
   9150.00000       29.7794056
   9160.00000       29.8928070
   9170.00000       30.0142384
   9180.00000       30.1447906
   9190.00000       30.2852783
   9200.00000       30.4357510
   9210.00000       30.5954170
   9220.00000       30.7632179
   9230.00000       30.9385147
   9240.00000       31.1200886
   9250.00000       31.3055801
   9260.00000       31.4931641
   9270.00000       31.6812687
   9280.00000       31.8684711
   9290.00000       32.0552902
   9300.00000       32.2416000
   9310.00000       32.4251289
   9320.00000       32.6075287
   9330.00000       32.7930717
   9340.00000       32.9805679
   9350.00000       33.1681786
   9360.00000       33.3593407
   9370.00000       33.5547104
   9380.00000       33.7501450
   9390.00000       33.9445572
   9400.00000       34.1373215
   9410.00000       34.3241577
   9420.00000       34.5023346
   9430.00000       34.6705475
   9440.00000       34.8255463
   9450.00000       34.9656868
   9460.00000       35.0914803
   9470.00000       35.2021179
   9480.00000       35.2973976
   9490.00000       35.3791351
   9500.00000       35.4485435
   9510.00000       35.5059624
   9520.00000       35.5513306
   9530.00000       35.5843430
   9540.00000       35.6051254
   9550.00000       35.6125183
   9560.00000       35.6038361
   9570.00000       35.5783463
   9580.00000       35.5355797
   9590.00000       35.4727554
   9600.00000       35.3892326
   9610.00000       35.2869492
   9620.00000       35.1658478
   9630.00000       35.0260353
   9640.00000       34.8696938
   9650.00000       34.6972618
   9660.00000       34.5080338
   9670.00000       34.3024292
   9680.00000       34.0794601
   9690.00000       33.8367996
   9700.00000       33.5728836
   9710.00000       33.2851486
   9720.00000       32.9702950
   9730.00000       32.6262970
   9740.00000       32.2515335
   9750.00000       31.8442612
   9760.00000       31.4030266
   9770.00000       30.9263725
   9780.00000       30.4143276
   9790.00000       29.8668518
   9800.00000       29.2802467
   9810.00000       28.6504707
   9820.00000       27.9756470
   9830.00000       27.2508698
   9840.00000       26.4685860
   9850.00000       25.6235504
   9860.00000       24.7102985
   9870.00000       23.7214642
   9880.00000       22.6522522
   9890.00000       21.5001411
   9900.00000       20.2630730
   9910.00000       18.9421577
   9920.00000       17.5416012
   9930.00000       16.0670071
   9940.00000       14.5273552
   9950.00000       12.9349375
   9960.00000       11.3027668
   9970.00000       9.64573288
   9980.00000       7.98155451
   9990.00000       6.32837629
   10000.0000       4.70385170
   10010.0000       3.12649632
   10020.0000       1.61462224
   10030.0000      0.183505818
   10040.0000      -1.15439618
   10050.0000      -2.38853645
   10060.0000      -3.51415873
   10070.0000      -4.53517723
   10080.0000      -5.46157265
   10090.0000      -6.31163692
   10100.0000      -7.11908197
   10110.0000      -7.93181372
   10120.0000      -8.80900574
   10130.0000      -9.82753181
   10140.0000      -11.0853758
   10150.0000      -12.6971798
   10160.0000      -14.7947264
   10170.0000      -17.5296555
   10180.0000      -21.0693588
   10190.0000      -25.5930061
   10200.0000      -31.2903061
   10210.0000      -38.3557930
   10220.0000      -46.9804573
   10230.0000      -57.3450089
   10240.0000      -69.6103058
   10250.0000      -83.9040833
   10260.0000      -100.309341
   10270.0000      -118.851791
   10280.0000      -139.481476
   10290.0000      -162.055969
   10300.0000      -186.329605
   10310.0000      -211.939941
   10320.0000      -238.394592
   10330.0000      -265.069153
   10340.0000      -291.213348
   10350.0000      -315.959869
   10360.0000      -338.345825
   10370.0000      -357.350342
   10380.0000      -371.937744
   10390.0000      -381.108368
   10400.0000      -383.963135
   10410.0000      -379.771667
   10420.0000      -368.034363
   10430.0000      -348.540009
   10440.0000      -321.410522
   10450.0000      -287.127716
   10460.0000      -246.538834
   10470.0000      -200.829300
   10480.0000      -151.472351
   10490.0000      -100.157204
   10500.0000      -48.6875267
   10510.0000       1.13197410
   10520.0000       47.6057968
   10530.0000       89.2582855
   10540.0000       124.930588
   10550.0000       153.843796
   10560.0000       175.634216
   10570.0000       190.358582
   10580.0000       198.455414
   10590.0000       200.678146
   10600.0000       198.012604
   10610.0000       191.574631
   10620.0000       182.503906
   10630.0000       171.877457
   10640.0000       160.637390
   10650.0000       149.535019
   10660.0000       139.108551
   10670.0000       129.689117
   10680.0000       121.420074
   10690.0000       114.293221
   10700.0000       108.199059
   10710.0000       102.970619
   10720.0000       98.4181976
   10730.0000       94.3618546
   10740.0000       90.6548920
   10750.0000       87.1891632
   10760.0000       83.8917542
   10770.0000       80.7221603
   10780.0000       77.6627197
   10790.0000       74.7055054
   10800.0000       71.8485489
   10810.0000       69.0915222
   10820.0000       66.4272232
   10830.0000       63.8448906
   10840.0000       61.3369980
   10850.0000       58.8945236
   10860.0000       56.5083122
   10870.0000       54.1776390
   10880.0000       51.9048195
   10890.0000       49.6914291
   10900.0000       47.5461082
   10910.0000       45.4814339
   10920.0000       43.5056190
   10930.0000       41.6272392
   10940.0000       39.8556862
   10950.0000       38.1951828
   10960.0000       36.6472931
   10970.0000       35.2122040
   10980.0000       33.8848419
   10990.0000       32.6577454
   11000.0000       31.5231323
   11010.0000       30.4698734
   11020.0000       29.4864731
   11030.0000       28.5634937
   11040.0000       27.6904278
   11050.0000       26.8574886
   11060.0000       26.0583286
   11070.0000       25.2882156
   11080.0000       24.5443954
   11090.0000       23.8258686
   11100.0000       23.1311893
   11110.0000       22.4616871
   11120.0000       21.8222332
   11130.0000       21.2156830
   11140.0000       20.6437778
   11150.0000       20.1111641
   11160.0000       19.6219997
   11170.0000       19.1780663
   11180.0000       18.7822990
   11190.0000       18.4373913
   11200.0000       18.1422310
   11210.0000       17.8946114
   11220.0000       17.6945286
   11230.0000       17.5409565
   11240.0000       17.4289627
   11250.0000       17.3538990
   11260.0000       17.3138885
   11270.0000       17.3054256
   11280.0000       17.3235226
   11290.0000       17.3662510
   11300.0000       17.4318085
   11310.0000       17.5159206
   11320.0000       17.6162033
   11330.0000       17.7311611
   11340.0000       17.8565960
   11350.0000       17.9894161
   11360.0000       18.1280289
   11370.0000       18.2683830
   11380.0000       18.4071751
   11390.0000       18.5444851
   11400.0000       18.6800480
   11410.0000       18.8135204
   11420.0000       18.9471321
   11430.0000       19.0844936
   11440.0000       19.2303562
   11450.0000       19.3903446
   11460.0000       19.5692482
   11470.0000       19.7720089
   11480.0000       20.0037041
   11490.0000       20.2673283
   11500.0000       20.5646286
   11510.0000       20.8960152
   11520.0000       21.2593155
   11530.0000       21.6524715
   11540.0000       22.0729103
   11550.0000       22.5141716
   11560.0000       22.9701557
   11570.0000       23.4379253
   11580.0000       23.9127235
   11590.0000       24.3888588
   11600.0000       24.8637371
   11610.0000       25.3347492
   11620.0000       25.7988548
   11630.0000       26.2554054
   11640.0000       26.7022953
   11650.0000       27.1357403
   11660.0000       27.5561295
   11670.0000       27.9641228
   11680.0000       28.3545341
   11690.0000       28.7234497
   11700.0000       29.0723133
   11710.0000       29.4001160
   11720.0000       29.7030239
   11730.0000       29.9817410
   11740.0000       30.2385731
   11750.0000       30.4725685
   11760.0000       30.6850357
   11770.0000       30.8808537
   11780.0000       31.0615635
   11790.0000       31.2273369
   11800.0000       31.3817806
   11810.0000       31.5264263
   11820.0000       31.6591797
   11830.0000       31.7805271
   11840.0000       31.8910122
   11850.0000       31.9870262
   11860.0000       32.0661163
   11870.0000       32.1273422
   11880.0000       32.1662712
   11890.0000       32.1800117
   11900.0000       32.1699562
   11910.0000       32.1335258
   11920.0000       32.0660553
   11930.0000       31.9692554
   11940.0000       31.8450298
   11950.0000       31.6897774
   11960.0000       31.5022755
   11970.0000       31.2849216
   11980.0000       31.0368500
   11990.0000       30.7564030
   12000.0000       30.4445362
   12010.0000       30.1012230
   12020.0000       29.7261276
   12030.0000       29.3213425
   12040.0000       28.8888187
   12050.0000       28.4306698
   12060.0000       27.9522305
   12070.0000       27.4596214
   12080.0000       26.9579506
   12090.0000       26.4540691
   12100.0000       25.9566212
   12110.0000       25.4733505
   12120.0000       25.0098381
   12130.0000       24.5701237
   12140.0000       24.1581039
   12150.0000       23.7751579
   12160.0000       23.4161472
   12170.0000       23.0739613
   12180.0000       22.7438087
   12190.0000       22.4161568
   12200.0000       22.0759220
   12210.0000       21.7130871
   12220.0000       21.3219242
   12230.0000       20.8932095
   12240.0000       20.4205971
   12250.0000       19.9072933
   12260.0000       19.3590393
   12270.0000       18.7811909
   12280.0000       18.1839504
   12290.0000       17.5809669
   12300.0000       16.9850845
   12310.0000       16.4087353
   12320.0000       15.8622332
   12330.0000       15.3514280
   12340.0000       14.8803978
   12350.0000       14.4517698
   12360.0000       14.0629854
   12370.0000       13.7087183
   12380.0000       13.3853207
   12390.0000       13.0878487
   12400.0000       12.8092175
   12410.0000       12.5464849
   12420.0000       12.3005219
   12430.0000       12.0700035
   12440.0000       11.8540344
   12450.0000       11.6562815
   12460.0000       11.4800739
   12470.0000       11.3256636
   12480.0000       11.1941338
   12490.0000       11.0871439
   12500.0000       11.0037746
   12510.0000       10.9413538
   12520.0000       10.8967714
   12530.0000       10.8663969
   12540.0000       10.8469048
   12550.0000       10.8354731
   12560.0000       10.8296299
   12570.0000       10.8280945
   12580.0000       10.8304234
   12590.0000       10.8364315
   12600.0000       10.8476896
   12610.0000       10.8674126
   12620.0000       10.8979378
   12630.0000       10.9411936
   12640.0000       11.0004616
   12650.0000       11.0786591
   12660.0000       11.1769543
   12670.0000       11.2962751
   12680.0000       11.4370556
   12690.0000       11.5981197
   12700.0000       11.7784061
   12710.0000       11.9767056
   12720.0000       12.1891479
   12730.0000       12.4121113
   12740.0000       12.6448927
   12750.0000       12.8847742
   12760.0000       13.1266470
   12770.0000       13.3696976
   12780.0000       13.6148396
   12790.0000       13.8589811
   12800.0000       14.1004267
   12810.0000       14.3416357
   12820.0000       14.5822916
   12830.0000       14.8200636
   12840.0000       15.0563459
   12850.0000       15.2922821
   12860.0000       15.5255289
   12870.0000       15.7550783
   12880.0000       15.9812708
   12890.0000       16.2018490
   12900.0000       16.4141960
   12910.0000       16.6173496
   12920.0000       16.8094254
   12930.0000       16.9878502
   12940.0000       17.1515884
   12950.0000       17.3001556
   12960.0000       17.4328365
   12970.0000       17.5500946
   12980.0000       17.6536922
   12990.0000       17.7460918
   13000.0000       17.8307838
   13010.0000       17.9116344
   13020.0000       17.9926453
   13030.0000       18.0786514
   13040.0000       18.1740265
   13050.0000       18.2811756
   13060.0000       18.4013309
   13070.0000       18.5346088
   13080.0000       18.6791248
   13090.0000       18.8313789
   13100.0000       18.9862442
   13110.0000       19.1369743
   13120.0000       19.2768288
   13130.0000       19.3987637
   13140.0000       19.4956493
   13150.0000       19.5637150
   13160.0000       19.6011562
   13170.0000       19.6050301
   13180.0000       19.5765114
   13190.0000       19.5225391
   13200.0000       19.4478760
   13210.0000       19.3564606
   13220.0000       19.2576923
   13230.0000       19.1593933
   13240.0000       19.0638351
   13250.0000       18.9760246
   13260.0000       18.9009094
   13270.0000       18.8350334
   13280.0000       18.7735596
   13290.0000       18.7156582
   13300.0000       18.6566544
   13310.0000       18.5877495
   13320.0000       18.5034523
   13330.0000       18.4006271
   13340.0000       18.2751694
   13350.0000       18.1240463
   13360.0000       17.9466496
   13370.0000       17.7434731
   13380.0000       17.5156670
   13390.0000       17.2658119
   13400.0000       16.9971333
   13410.0000       16.7107887
   13420.0000       16.4068623
   13430.0000       16.0874615
   13440.0000       15.7528791
   13450.0000       15.3989334
   13460.0000       15.0235586
   13470.0000       14.6271553
   13480.0000       14.2054567
   13490.0000       13.7538776
   13500.0000       13.2732000
   13510.0000       12.7629509
   13520.0000       12.2207937
   13530.0000       11.6495285
   13540.0000       11.0532360
   13550.0000       10.4335394
   13560.0000       9.79522324
   13570.0000       9.14476967
   13580.0000       8.48554230
   13590.0000       7.82174158
   13600.0000       7.15830278
   13610.0000       6.49620581
   13620.0000       5.83595800
   13630.0000       5.17932129
   13640.0000       4.52459955
   13650.0000       3.86813951
   13660.0000       3.20714164
   13670.0000       2.53697300
   13680.0000       1.85228884
   13690.0000       1.14875603
   13700.0000      0.420159787
   13710.0000     -0.339429528
   13720.0000      -1.13270879
   13730.0000      -1.96357894
   13740.0000      -2.83661914
   13750.0000      -3.75191355
   13760.0000      -4.70842552
   13770.0000      -5.70612764
   13780.0000      -6.74115562
   13790.0000      -7.80785036
   13800.0000      -8.90229607
   13810.0000      -10.0177593
   13820.0000      -11.1452827
   13830.0000      -12.2789850
   13840.0000      -13.4127054
   13850.0000      -14.5379677
   13860.0000      -15.6492844
   13870.0000      -16.7431965
   13880.0000      -17.8148880
   13890.0000      -18.8617935
   13900.0000      -19.8842487
   13910.0000      -20.8825645
   13920.0000      -21.8594952
   13930.0000      -22.8206139
   13940.0000      -23.7704811
   13950.0000      -24.7150364
   13960.0000      -25.6639328
   13970.0000      -26.6257534
   13980.0000      -27.6070881
   13990.0000      -28.6169224
   14000.0000      -29.6645489
   14010.0000      -30.7547455
   14020.0000      -31.8902874
   14030.0000      -33.0754852
   14040.0000      -34.3136787
   14050.0000      -35.6047668
   14060.0000      -36.9487686
   14070.0000      -38.3486137
   14080.0000      -39.8071175
   14090.0000      -41.3259048
   14100.0000      -42.9106941
   14110.0000      -44.5713081
   14120.0000      -46.3163338
   14130.0000      -48.1550560
   14140.0000      -50.1021919
   14150.0000      -52.1733475
   14160.0000      -54.3807793
   14170.0000      -56.7389946
   14180.0000      -59.2667503
   14190.0000      -61.9804306
   14200.0000      -64.8944626
   14210.0000      -68.0280762
   14220.0000      -71.4024582
   14230.0000      -75.0355530
   14240.0000      -78.9475403
   14250.0000      -83.1631317
   14260.0000      -87.7038651
   14270.0000      -92.5882797
   14280.0000      -97.8376846
   14290.0000      -103.470779
   14300.0000      -109.498558
   14310.0000      -115.929634
   14320.0000      -122.769524
   14330.0000      -130.013245
   14340.0000      -137.648743
   14350.0000      -145.659439
   14360.0000      -154.018265
   14370.0000      -162.688675
   14380.0000      -171.628342
   14390.0000      -180.784485
   14400.0000      -190.091522
   14410.0000      -199.474472
   14420.0000      -208.843796
   14430.0000      -218.086517
   14440.0000      -227.064590
   14450.0000      -235.609695
   14460.0000      -243.509811
   14470.0000      -250.499863
   14480.0000      -256.255920
   14490.0000      -260.383972
   14500.0000      -262.408966
   14510.0000      -261.776031
   14520.0000      -257.854279
   14530.0000      -249.942719
   14540.0000      -237.289001
   14550.0000      -219.122833
   14560.0000      -194.693604
   14570.0000      -163.319336
   14580.0000      -124.452660
   14590.0000      -77.7497635
   14600.0000      -23.1364708
   14610.0000       39.1188316
   14620.0000       108.339256
   14630.0000       183.400284
   14640.0000       262.712067
   14650.0000       344.221375
   14660.0000       425.456909
   14670.0000       503.619354
   14680.0000       575.705200
   14690.0000       638.660706
   14700.0000       689.571594
   14710.0000       725.867493
   14720.0000       745.517456
   14730.0000       747.207886
   14740.0000       730.489624
   14750.0000       695.867920
   14760.0000       644.816833
   14770.0000       579.721497
   14780.0000       503.748932
   14790.0000       420.641815
   14800.0000       334.456116
   14810.0000       249.275879
   14820.0000       168.915756
   14830.0000       96.6428986
   14840.0000       34.9603195
   14850.0000      -14.5388842
   14860.0000      -51.2389679
   14870.0000      -75.4684067
   14880.0000      -88.3757172
   14890.0000      -91.7450485
   14900.0000      -87.7647476
   14910.0000      -78.7713242
   14920.0000      -67.0104446
   14930.0000      -54.4407120
   14940.0000      -42.5921478
   14950.0000      -32.4941902
   14960.0000      -24.6751022
   14970.0000      -19.2198620
   14980.0000      -15.8720589
   14990.0000      -14.1606760
   15000.0000      -13.5275755
   15010.0000      -13.4355450
   15020.0000      -13.4474840
   15030.0000      -13.2725592
   15040.0000      -12.7740078
   15050.0000      -11.9442663
   15060.0000      -10.8675280
   15070.0000      -9.67769051
   15080.0000      -8.51047039
   15090.0000      -7.46881008
   15100.0000      -6.61387682
   15110.0000      -5.96231270
   15120.0000      -5.48685503
   15130.0000      -5.13689470
   15140.0000      -4.86146736
   15150.0000      -4.61431122
   15160.0000      -4.36001301
   15170.0000      -4.08522606
   15180.0000      -3.79371309
   15190.0000      -3.49459100
   15200.0000      -3.19988990
   15210.0000      -2.92052794
   15220.0000      -2.66074347
   15230.0000      -2.42043591
   15240.0000      -2.19637728
   15250.0000      -1.98089850
   15260.0000      -1.76630902
   15270.0000      -1.54733372
   15280.0000      -1.31845450
   15290.0000      -1.07443511
   15300.0000     -0.810675979
   15310.0000     -0.521610737
   15320.0000     -0.202776104
   15330.0000      0.148664385
   15340.0000      0.536832452
   15350.0000      0.965783417
   15360.0000       1.43638659
   15370.0000       1.94575465
   15380.0000       2.48746753
   15390.0000       3.05419636
   15400.0000       3.63894510
   15410.0000       4.23148489
   15420.0000       4.81949043
   15430.0000       5.39316654
   15440.0000       5.94286537
   15450.0000       6.45756149
   15460.0000       6.92944765
   15470.0000       7.35378122
   15480.0000       7.72601128
   15490.0000       8.04398155
   15500.0000       8.30957413
   15510.0000       8.52736855
   15520.0000       8.70406628
   15530.0000       8.84882641
   15540.0000       8.97403717
   15550.0000       9.09350681
   15560.0000       9.21877384
   15570.0000       9.36063862
   15580.0000       9.53026772
   15590.0000       9.73465538
   15600.0000       9.97725487
   15610.0000       10.2602615
   15620.0000       10.5797043
   15630.0000       10.9271326
   15640.0000       11.2963190
   15650.0000       11.6780195
   15660.0000       12.0577278
   15670.0000       12.4254684
   15680.0000       12.7752924
   15690.0000       13.0984850
   15700.0000       13.3883829
   15710.0000       13.6439428
   15720.0000       13.8657742
   15730.0000       14.0558176
   15740.0000       14.2172451
   15750.0000       14.3532696
   15760.0000       14.4686642
   15770.0000       14.5677872
   15780.0000       14.6522884
   15790.0000       14.7242174
   15800.0000       14.7858009
   15810.0000       14.8381176
   15820.0000       14.8838921
   15830.0000       14.9255228
   15840.0000       14.9633598
   15850.0000       15.0009251
   15860.0000       15.0430660
   15870.0000       15.0910397
   15880.0000       15.1476593
   15890.0000       15.2175503
   15900.0000       15.3005457
   15910.0000       15.3950071
   15920.0000       15.5011272
   15930.0000       15.6164303
   15940.0000       15.7367697
   15950.0000       15.8584480
   15960.0000       15.9756145
   15970.0000       16.0830154
   15980.0000       16.1781540
   15990.0000       16.2567196
   16000.0000       16.3136215
   16010.0000       16.3469353
   16020.0000       16.3560829
   16030.0000       16.3412304
   16040.0000       16.3033009
   16050.0000       16.2421741
   16060.0000       16.1593056
   16070.0000       16.0582886
   16080.0000       15.9403620
   16090.0000       15.8067474
   16100.0000       15.6618099
   16110.0000       15.5080595
   16120.0000       15.3458204
   16130.0000       15.1777802
   16140.0000       15.0067387
   16150.0000       14.8335505
   16160.0000       14.6598434
   16170.0000       14.4877615
   16180.0000       14.3176012
   16190.0000       14.1479502
   16200.0000       13.9776812
   16210.0000       13.8068180
   16220.0000       13.6334057
   16230.0000       13.4528723
   16240.0000       13.2626562
   16250.0000       13.0608225
   16260.0000       12.8430519
   16270.0000       12.6082983
   16280.0000       12.3587322
   16290.0000       12.0936966
   16300.0000       11.8149843
   16310.0000       11.5296288
   16320.0000       11.2419825
   16330.0000       10.9562693
   16340.0000       10.6811314
   16350.0000       10.4215775
   16360.0000       10.1792555
   16370.0000       9.95904064
   16380.0000       9.76276302
   16390.0000       9.58710861
   16400.0000       9.43076801
   16410.0000       9.29128265
   16420.0000       9.16209507
   16430.0000       9.03827381
   16440.0000       8.91549587
   16450.0000       8.78796291
   16460.0000       8.65268612
   16470.0000       8.50814724
   16480.0000       8.35194206
   16490.0000       8.18387890
   16500.0000       8.00529480
   16510.0000       7.81801081
   16520.0000       7.62566280
   16530.0000       7.43098450
   16540.0000       7.23649597
   16550.0000       7.04722738
   16560.0000       6.86528206
   16570.0000       6.68978071
   16580.0000       6.52340412
   16590.0000       6.36727524
   16600.0000       6.21706390
   16610.0000       6.07027626
   16620.0000       5.92471790
   16630.0000       5.77370501
   16640.0000       5.61182976
   16650.0000       5.43558455
   16660.0000       5.23950958
   16670.0000       5.02054071
   16680.0000       4.77872849
   16690.0000       4.51381016
   16700.0000       4.22851562
   16710.0000       3.92846322
   16720.0000       3.61873388
   16730.0000       3.30731106
   16740.0000       3.00447607
   16750.0000       2.71758223
   16760.0000       2.45351934
   16770.0000       2.22016311
   16780.0000       2.02262020
   16790.0000       1.86365569
   16800.0000       1.74376523
   16810.0000       1.66030717
   16820.0000       1.61074448
   16830.0000       1.59079707
   16840.0000       1.59117806
   16850.0000       1.60390675
   16860.0000       1.62404704
   16870.0000       1.64374864
   16880.0000       1.65526676
   16890.0000       1.65487516
   16900.0000       1.63858092
   16910.0000       1.60272288
   16920.0000       1.54662383
   16930.0000       1.46936822
   16940.0000       1.37041819
   16950.0000       1.25123632
   16960.0000       1.11129951
   16970.0000      0.949320793
   16980.0000      0.766791761
   16990.0000      0.563986182
   17000.0000      0.339736044
   17010.0000       9.65412110E-02
