  -990.000000       0.00000000
  -980.000000       0.00000000
  -970.000000       0.00000000
  -960.000000       0.00000000
  -950.000000       0.00000000
  -940.000000       0.00000000
  -930.000000       0.00000000
  -920.000000       0.00000000
  -910.000000       0.00000000
  -900.000000       0.00000000
  -890.000000       0.00000000
  -880.000000       0.00000000
  -870.000000       0.00000000
  -860.000000       0.00000000
  -850.000000       0.00000000
  -840.000000       0.00000000
  -830.000000       0.00000000
  -820.000000       0.00000000
  -810.000000       0.00000000
  -800.000000       0.00000000
  -790.000000       0.00000000
  -780.000000       0.00000000
  -770.000000       0.00000000
  -760.000000       0.00000000
  -750.000000       0.00000000
  -740.000000       0.00000000
  -730.000000       0.00000000
  -720.000000       0.00000000
  -710.000000       0.00000000
  -700.000000       0.00000000
  -690.000000       0.00000000
  -680.000000       0.00000000
  -670.000000       0.00000000
  -660.000000       0.00000000
  -650.000000       0.00000000
  -640.000000       0.00000000
  -630.000000       0.00000000
  -620.000000       0.00000000
  -610.000000       0.00000000
  -600.000000       0.00000000
  -590.000000       0.00000000
  -580.000000       0.00000000
  -570.000000       0.00000000
  -560.000000       0.00000000
  -550.000000       0.00000000
  -540.000000       0.00000000
  -530.000000       0.00000000
  -520.000000       0.00000000
  -510.000000       0.00000000
  -500.000000       0.00000000
  -490.000000       0.00000000
  -480.000000       0.00000000
  -470.000000       0.00000000
  -460.000000       0.00000000
  -450.000000       0.00000000
  -440.000000       0.00000000
  -430.000000       0.00000000
  -420.000000       0.00000000
  -410.000000       0.00000000
  -400.000000       0.00000000
  -390.000000       0.00000000
  -380.000000       0.00000000
  -370.000000       0.00000000
  -360.000000       0.00000000
  -350.000000       0.00000000
  -340.000000       0.00000000
  -330.000000       0.00000000
  -320.000000       0.00000000
  -310.000000       0.00000000
  -300.000000       0.00000000
  -290.000000       0.00000000
  -280.000000       0.00000000
  -270.000000       0.00000000
  -260.000000       0.00000000
  -250.000000       0.00000000
  -240.000000       0.00000000
  -230.000000       0.00000000
  -220.000000       0.00000000
  -210.000000       0.00000000
  -200.000000       0.00000000
  -190.000000       0.00000000
  -180.000000       0.00000000
  -170.000000       0.00000000
  -160.000000       0.00000000
  -150.000000       0.00000000
  -140.000000       0.00000000
  -130.000000       0.00000000
  -120.000000       0.00000000
  -110.000000       0.00000000
  -100.000000       0.00000000
  -90.0000000       0.00000000
  -80.0000000       0.00000000
  -70.0000000       0.00000000
  -60.0000000       0.00000000
  -50.0000000       0.00000000
  -40.0000000       0.00000000
  -30.0000000       0.00000000
  -20.0000000       0.00000000
  -10.0000000       0.00000000
   0.00000000       0.00000000
   10.0000000       0.00000000
   20.0000000       0.00000000
   30.0000000       0.00000000
   40.0000000       0.00000000
   50.0000000       0.00000000
   60.0000000       0.00000000
   70.0000000       0.00000000
   80.0000000       0.00000000
   90.0000000       0.00000000
   100.000000       0.00000000
   110.000000       0.00000000
   120.000000       0.00000000
   130.000000       0.00000000
   140.000000       0.00000000
   150.000000       0.00000000
   160.000000       0.00000000
   170.000000       0.00000000
   180.000000       0.00000000
   190.000000       0.00000000
   200.000000       0.00000000
   210.000000       0.00000000
   220.000000       0.00000000
   230.000000       0.00000000
   240.000000       0.00000000
   250.000000       0.00000000
   260.000000       0.00000000
   270.000000       0.00000000
   280.000000       0.00000000
   290.000000       0.00000000
   300.000000       0.00000000
   310.000000       0.00000000
   320.000000       0.00000000
   330.000000       0.00000000
   340.000000       0.00000000
   350.000000       0.00000000
   360.000000       0.00000000
   370.000000       0.00000000
   380.000000       0.00000000
   390.000000       0.00000000
   400.000000       0.00000000
   410.000000       0.00000000
   420.000000       0.00000000
   430.000000       0.00000000
   440.000000       0.00000000
   450.000000       0.00000000
   460.000000       0.00000000
   470.000000       0.00000000
   480.000000       0.00000000
   490.000000       0.00000000
   500.000000       0.00000000
   510.000000       0.00000000
   520.000000       0.00000000
   530.000000       0.00000000
   540.000000       0.00000000
   550.000000       0.00000000
   560.000000       0.00000000
   570.000000       0.00000000
   580.000000       0.00000000
   590.000000       0.00000000
   600.000000       0.00000000
   610.000000       0.00000000
   620.000000       0.00000000
   630.000000       0.00000000
   640.000000       0.00000000
   650.000000       0.00000000
   660.000000       0.00000000
   670.000000       0.00000000
   680.000000       0.00000000
   690.000000       0.00000000
   700.000000       0.00000000
   710.000000       0.00000000
   720.000000       0.00000000
   730.000000       0.00000000
   740.000000       0.00000000
   750.000000       0.00000000
   760.000000       0.00000000
   770.000000       0.00000000
   780.000000       6.42074956E-42
   790.000000       9.63112435E-42
   800.000000       6.42074956E-42
   810.000000       0.00000000
   820.000000       0.00000000
   830.000000      -3.21037478E-42
   840.000000      -6.42074956E-42
   850.000000      -1.40129846E-45
   860.000000       1.92580448E-41
   870.000000       1.18768453E-40
   880.000000       6.32372366E-40
   890.000000       3.17793052E-39
   900.000000       1.54274259E-38
   910.000000       7.35001784E-38
   920.000000       3.44841302E-37
   930.000000       1.59524983E-36
   940.000000       7.27884699E-36
   950.000000       3.27608812E-35
   960.000000       1.45455751E-34
   970.000000       6.37098377E-34
   980.000000       2.75294863E-33
   990.000000       1.17360269E-32
   1000.00000       4.93617526E-32
   1010.00000       2.04843080E-31
   1020.00000       8.38741080E-31
   1030.00000       3.38863386E-30
   1040.00000       1.35090790E-29
   1050.00000       5.31428530E-29
   1060.00000       2.06298393E-28
   1070.00000       7.90299671E-28
   1080.00000       2.98776137E-27
   1090.00000       1.11473341E-26
   1100.00000       4.10468426E-26
   1110.00000       1.49170959E-25
   1120.00000       5.35052699E-25
   1130.00000       1.89421143E-24
   1140.00000       6.61898476E-24
   1150.00000       2.28295194E-23
   1160.00000       7.77240290E-23
   1170.00000       2.61202675E-22
   1180.00000       8.66511274E-22
   1190.00000       2.83762512E-21
   1200.00000       9.17339422E-21
   1210.00000       2.92758024E-20
   1220.00000       9.22359762E-20
   1230.00000       2.86889010E-19
   1240.00000       8.80963172E-19
   1250.00000       2.67079621E-18
   1260.00000       7.99412159E-18
   1270.00000       2.36241046E-17
   1280.00000       6.89290597E-17
   1290.00000       1.98572237E-16
   1300.00000       5.64821316E-16
   1310.00000       1.58630361E-15
   1320.00000       4.39896481E-15
   1330.00000       1.20450762E-14
   1340.00000       3.25663297E-14
   1350.00000       8.69427753E-14
   1360.00000       2.29196707E-13
   1370.00000       5.96620247E-13
   1380.00000       1.53357882E-12
   1390.00000       3.89257290E-12
   1400.00000       9.75647080E-12
   1410.00000       2.41477845E-11
   1420.00000       5.90190813E-11
   1430.00000       1.42442794E-10
   1440.00000       3.39486772E-10
   1450.00000       7.98988431E-10
   1460.00000       1.85692306E-09
   1470.00000       4.26170566E-09
   1480.00000       9.65847047E-09
   1490.00000       2.16156355E-08
   1500.00000       4.77706088E-08
   1510.00000       1.04252067E-07
   1520.00000       2.24665953E-07
   1530.00000       4.78096297E-07
   1540.00000       1.00465047E-06
   1550.00000       2.08464485E-06
   1560.00000       4.27131590E-06
   1570.00000       8.64168032E-06
   1580.00000       1.72637629E-05
   1590.00000       3.40538645E-05
   1600.00000       6.63259489E-05
   1610.00000       1.27549501E-04
   1620.00000       2.42182548E-04
   1630.00000       4.54010762E-04
   1640.00000       8.40306981E-04
   1650.00000       1.53549050E-03
   1660.00000       2.77000992E-03
   1670.00000       4.93318448E-03
   1680.00000       8.67304299E-03
   1690.00000       1.50521593E-02
   1700.00000       2.57865414E-02
   1710.00000       4.36051376E-02
   1720.00000       7.27803409E-02
   1730.00000      0.119895585
   1740.00000      0.194932550
   1750.00000      0.312777787
   1760.00000      0.495261312
   1770.00000      0.773847044
   1780.00000       1.19308674
   1790.00000       1.81491637
   1800.00000       2.72382355
   1810.00000       4.03280544
   1820.00000       5.88989305
   1830.00000       8.48482418
   1840.00000       12.0552025
   1850.00000       16.8911991
   1860.00000       23.3375683
   1870.00000       31.7915230
   1880.00000       42.6948433
   1890.00000       56.5185242
   1900.00000       73.7387772
   1910.00000       94.8032761
   1920.00000       120.087959
   1930.00000       149.845245
   1940.00000       184.146622
   1950.00000       222.823975
   1960.00000       265.415131
   1970.00000       311.120117
   1980.00000       358.777374
   1990.00000       406.865662
   2000.00000       453.537659
   2010.00000       496.690216
   2020.00000       534.069519
   2030.00000       563.407837
   2040.00000       582.583862
   2050.00000       589.791870
   2060.00000       583.704651
   2070.00000       563.613892
   2080.00000       529.530273
   2090.00000       482.227997
   2100.00000       423.229431
   2110.00000       354.725403
   2120.00000       279.432312
   2130.00000       200.406937
   2140.00000       120.832573
   2150.00000       43.7937050
   2160.00000      -27.9308205
   2170.00000      -92.0387421
   2180.00000      -146.829361
   2190.00000      -191.266464
   2200.00000      -224.979050
   2210.00000      -248.210449
   2220.00000      -261.722351
   2230.00000      -266.665375
   2240.00000      -264.440430
   2250.00000      -256.561676
   2260.00000      -244.532349
   2270.00000      -229.747849
   2280.00000      -213.427155
   2290.00000      -196.570343
   2300.00000      -179.946014
   2310.00000      -164.102859
   2320.00000      -149.391922
   2330.00000      -135.999298
   2340.00000      -123.985497
   2350.00000      -113.320541
   2360.00000      -103.914513
   2370.00000      -95.6453018
   2380.00000      -88.3780670
   2390.00000      -81.9784775
   2400.00000      -76.3217239
   2410.00000      -71.2964401
   2420.00000      -66.8066788
   2430.00000      -62.7721558
   2440.00000      -59.1255760
   2450.00000      -55.8112755
   2460.00000      -52.7848396
   2470.00000      -50.0091553
   2480.00000      -47.4521866
   2490.00000      -45.0888634
   2500.00000      -42.8984795
   2510.00000      -40.8616600
   2520.00000      -38.9627876
   2530.00000      -37.1896095
   2540.00000      -35.5300674
   2550.00000      -33.9739990
   2560.00000      -32.5139084
   2570.00000      -31.1422768
   2580.00000      -29.8523293
   2590.00000      -28.6389923
   2600.00000      -27.4969406
   2610.00000      -26.4208336
   2620.00000      -25.4061909
   2630.00000      -24.4483089
   2640.00000      -23.5425148
   2650.00000      -22.6842709
   2660.00000      -21.8681564
   2670.00000      -21.0893307
   2680.00000      -20.3442497
   2690.00000      -19.6284466
   2700.00000      -18.9375153
   2710.00000      -18.2685986
   2720.00000      -17.6188622
   2730.00000      -16.9860573
   2740.00000      -16.3697186
   2750.00000      -15.7691822
   2760.00000      -15.1839657
   2770.00000      -14.6152792
   2780.00000      -14.0640402
   2790.00000      -13.5308256
   2800.00000      -13.0175266
   2810.00000      -12.5249863
   2820.00000      -12.0525789
   2830.00000      -11.6010475
   2840.00000      -11.1710901
   2850.00000      -10.7616663
   2860.00000      -10.3718138
   2870.00000      -10.0003605
   2880.00000      -9.64562702
   2890.00000      -9.30712509
   2900.00000      -8.98364544
   2910.00000      -8.67237282
   2920.00000      -8.37232685
   2930.00000      -8.08303261
   2940.00000      -7.80183935
   2950.00000      -7.52741194
   2960.00000      -7.25991726
   2970.00000      -6.99720526
   2980.00000      -6.73718691
   2990.00000      -6.47988939
   3000.00000      -6.22431946
   3010.00000      -5.96915197
   3020.00000      -5.71442938
   3030.00000      -5.45951033
   3040.00000      -5.20422983
   3050.00000      -4.95022535
   3060.00000      -4.69781256
   3070.00000      -4.44714642
   3080.00000      -4.20097065
   3090.00000      -3.96088123
   3100.00000      -3.72673178
   3110.00000      -3.50067854
   3120.00000      -3.28466272
   3130.00000      -3.07782221
   3140.00000      -2.88027525
   3150.00000      -2.69285107
   3160.00000      -2.51404834
   3170.00000      -2.34240437
   3180.00000      -2.17744470
   3190.00000      -2.01742005
   3200.00000      -1.86074209
   3210.00000      -1.70709229
   3220.00000      -1.55553365
   3230.00000      -1.40518248
   3240.00000      -1.25624514
   3250.00000      -1.10879469
   3260.00000     -0.963052452
   3270.00000     -0.819402874
   3280.00000     -0.677151382
   3290.00000     -0.535997331
   3300.00000     -0.396523595
   3310.00000     -0.257662535
   3320.00000     -0.117954545
   3330.00000       2.21513789E-02
   3340.00000      0.163024724
   3350.00000      0.306404829
   3360.00000      0.451909900
   3370.00000      0.598225653
   3380.00000      0.745719075
   3390.00000      0.893874288
   3400.00000       1.04044843
   3410.00000       1.18469274
   3420.00000       1.32661462
   3430.00000       1.46421552
   3440.00000       1.59583533
   3450.00000       1.72249317
   3460.00000       1.84470463
   3470.00000       1.96090722
   3480.00000       2.07122946
   3490.00000       2.17792773
   3500.00000       2.28110361
   3510.00000       2.37962008
   3520.00000       2.47533560
   3530.00000       2.57050681
   3540.00000       2.66414785
   3550.00000       2.75585556
   3560.00000       2.84791541
   3570.00000       2.94109607
   3580.00000       3.03456283
   3590.00000       3.12944698
   3600.00000       3.22716022
   3610.00000       3.32722211
   3620.00000       3.42966771
   3630.00000       3.53544593
   3640.00000       3.64440918
   3650.00000       3.75617194
   3660.00000       3.87054753
   3670.00000       3.98609567
   3680.00000       4.10168171
   3690.00000       4.21784639
   3700.00000       4.33382082
   3710.00000       4.44704866
   3720.00000       4.55683994
   3730.00000       4.66386318
   3740.00000       4.76699495
   3750.00000       4.86508226
   3760.00000       4.95924377
   3770.00000       5.05056095
   3780.00000       5.13891363
   3790.00000       5.22502661
   3800.00000       5.31035471
   3810.00000       5.39548254
   3820.00000       5.48061752
   3830.00000       5.56644106
   3840.00000       5.65372276
   3850.00000       5.74267626
   3860.00000       5.83253908
   3870.00000       5.92251444
   3880.00000       6.01316929
   3890.00000       6.10495758
   3900.00000       6.19681740
   3910.00000       6.28844500
   3920.00000       6.38085985
   3930.00000       6.47374916
   3940.00000       6.56648064
   3950.00000       6.66037941
   3960.00000       6.75608873
   3970.00000       6.85232067
   3980.00000       6.94927788
   3990.00000       7.04821491
   4000.00000       7.14824581
   4010.00000       7.24817705
   4020.00000       7.34853935
   4030.00000       7.44896030
   4040.00000       7.54758406
   4050.00000       7.64376354
   4060.00000       7.73758936
   4070.00000       7.82789373
   4080.00000       7.91350842
   4090.00000       7.99472094
   4100.00000       8.07191467
   4110.00000       8.14478016
   4120.00000       8.21395969
   4130.00000       8.28146553
   4140.00000       8.34887791
   4150.00000       8.41723061
   4160.00000       8.48858929
   4170.00000       8.56532955
   4180.00000       8.64850807
   4190.00000       8.73873234
   4200.00000       8.83678913
   4210.00000       8.94250774
   4220.00000       9.05499744
   4230.00000       9.17327976
   4240.00000       9.29554081
   4250.00000       9.41950035
   4260.00000       9.54341507
   4270.00000       9.66539764
   4280.00000       9.78372669
   4290.00000       9.89787006
   4300.00000       10.0072079
   4310.00000       10.1108656
   4320.00000       10.2096443
   4330.00000       10.3049183
   4340.00000       10.3968334
   4350.00000       10.4863472
   4360.00000       10.5757113
   4370.00000       10.6657658
   4380.00000       10.7564392
   4390.00000       10.8487406
   4400.00000       10.9434385
   4410.00000       11.0402308
   4420.00000       11.1390657
   4430.00000       11.2401085
   4440.00000       11.3432970
   4450.00000       11.4487123
   4460.00000       11.5560875
   4470.00000       11.6648006
   4480.00000       11.7750254
   4490.00000       11.8873186
   4500.00000       12.0014105
   4510.00000       12.1167278
   4520.00000       12.2333565
   4530.00000       12.3517637
   4540.00000       12.4719925
   4550.00000       12.5934238
   4560.00000       12.7154827
   4570.00000       12.8380260
   4580.00000       12.9607925
   4590.00000       13.0836411
   4600.00000       13.2067842
   4610.00000       13.3295012
   4620.00000       13.4507189
   4630.00000       13.5710096
   4640.00000       13.6909761
   4650.00000       13.8094149
   4660.00000       13.9257584
   4670.00000       14.0410423
   4680.00000       14.1556482
   4690.00000       14.2696524
   4700.00000       14.3841763
   4710.00000       14.5000954
   4720.00000       14.6177444
   4730.00000       14.7383661
   4740.00000       14.8636522
   4750.00000       14.9944382
   4760.00000       15.1305838
   4770.00000       15.2717085
   4780.00000       15.4184046
   4790.00000       15.5713167
   4800.00000       15.7290640
   4810.00000       15.8900938
   4820.00000       16.0548725
   4830.00000       16.2231102
   4840.00000       16.3926964
   4850.00000       16.5628490
   4860.00000       16.7337589
   4870.00000       16.9043369
   4880.00000       17.0739479
   4890.00000       17.2430172
   4900.00000       17.4110680
   4910.00000       17.5775185
   4920.00000       17.7426434
   4930.00000       17.9063473
   4940.00000       18.0688381
   4950.00000       18.2310104
   4960.00000       18.3927326
   4970.00000       18.5539532
   4980.00000       18.7165394
   4990.00000       18.8817539
   5000.00000       19.0494900
   5010.00000       19.2209110
   5020.00000       19.3978195
   5030.00000       19.5807781
   5040.00000       19.7702103
   5050.00000       19.9666538
   5060.00000       20.1700249
   5070.00000       20.3803825
   5080.00000       20.5974598
   5090.00000       20.8199139
   5100.00000       21.0471268
   5110.00000       21.2793465
   5120.00000       21.5157261
   5130.00000       21.7552795
   5140.00000       21.9983082
   5150.00000       22.2449684
   5160.00000       22.4951801
   5170.00000       22.7496204
   5180.00000       23.0083809
   5190.00000       23.2707672
   5200.00000       23.5372410
   5210.00000       23.8080406
   5220.00000       24.0813580
   5230.00000       24.3559303
   5240.00000       24.6322384
   5250.00000       24.9098396
   5260.00000       25.1872406
   5270.00000       25.4645767
   5280.00000       25.7434483
   5290.00000       26.0248623
   5300.00000       26.3096294
   5310.00000       26.5998764
   5320.00000       26.8985367
   5330.00000       27.2074528
   5340.00000       27.5275059
   5350.00000       27.8606110
   5360.00000       28.2089653
   5370.00000       28.5727558
   5380.00000       28.9512939
   5390.00000       29.3450527
   5400.00000       29.7540321
   5410.00000       30.1765842
   5420.00000       30.6117401
   5430.00000       31.0596256
   5440.00000       31.5192776
   5450.00000       31.9893551
   5460.00000       32.4698486
   5470.00000       32.9608307
   5480.00000       33.4616508
   5490.00000       33.9722633
   5500.00000       34.4929924
   5510.00000       35.0235558
   5520.00000       35.5641403
   5530.00000       36.1153450
   5540.00000       36.6772690
   5550.00000       37.2504311
   5560.00000       37.8365936
   5570.00000       38.4374008
   5580.00000       39.0544319
   5590.00000       39.6902847
   5600.00000       40.3476791
   5610.00000       41.0292664
   5620.00000       41.7387352
   5630.00000       42.4797897
   5640.00000       43.2552948
   5650.00000       44.0683060
   5660.00000       44.9219933
   5670.00000       45.8182831
   5680.00000       46.7588348
   5690.00000       47.7459068
   5700.00000       48.7808228
   5710.00000       49.8640938
   5720.00000       50.9970703
   5730.00000       52.1811905
   5740.00000       53.4174652
   5750.00000       54.7081223
   5760.00000       56.0565033
   5770.00000       57.4660110
   5780.00000       58.9415703
   5790.00000       60.4898148
   5800.00000       62.1171379
   5810.00000       63.8315620
   5820.00000       65.6439438
   5830.00000       67.5654068
   5840.00000       69.6078796
   5850.00000       71.7869186
   5860.00000       74.1197128
   5870.00000       76.6237869
   5880.00000       79.3210983
   5890.00000       82.2384109
   5900.00000       85.4042282
   5910.00000       88.8510818
   5920.00000       92.6189499
   5930.00000       96.7529144
   5940.00000       101.303032
   5950.00000       106.327034
   5960.00000       111.888824
   5970.00000       118.056313
   5980.00000       124.901665
   5990.00000       132.498352
   6000.00000       140.914581
   6010.00000       150.208817
   6020.00000       160.422638
   6030.00000       171.568054
   6040.00000       183.616730
   6050.00000       196.486298
   6060.00000       210.022522
   6070.00000       223.982605
   6080.00000       238.020935
   6090.00000       251.673691
   6100.00000       264.347961
   6110.00000       275.320404
   6120.00000       283.741913
   6130.00000       288.653595
   6140.00000       289.019501
   6150.00000       283.772736
   6160.00000       271.873322
   6170.00000       252.382477
   6180.00000       224.548187
   6190.00000       187.891769
   6200.00000       142.293549
   6210.00000       88.0682526
   6220.00000       26.0194130
   6230.00000      -42.5363693
   6240.00000      -115.780403
   6250.00000      -191.444962
   6260.00000      -266.909973
   6270.00000      -339.340057
   6280.00000      -405.854279
   6290.00000      -463.715485
   6300.00000      -510.521057
   6310.00000      -544.380798
   6320.00000      -564.066040
   6330.00000      -569.106567
   6340.00000      -559.824707
   6350.00000      -537.309387
   6360.00000      -503.324463
   6370.00000      -460.160095
   6380.00000      -410.445007
   6390.00000      -356.940002
   6400.00000      -302.330780
   6410.00000      -249.041336
   6420.00000      -199.088684
   6430.00000      -153.988602
   6440.00000      -114.716888
   6450.00000      -81.7213593
   6460.00000      -54.9798737
   6470.00000      -34.0956306
   6480.00000      -18.4071922
   6490.00000      -7.09793472
   6500.00000      0.699820995
   6510.00000       5.81936646
   6520.00000       9.00219059
   6530.00000       10.8642673
   6540.00000       11.8835478
   6550.00000       12.4068050
   6560.00000       12.6667957
   6570.00000       12.8053093
   6580.00000       12.9004288
   6590.00000       12.9890385
   6600.00000       13.0817327
   6610.00000       13.1765308
   6620.00000       13.2690067
   6630.00000       13.3545389
   6640.00000       13.4290314
   6650.00000       13.4913282
   6660.00000       13.5425854
   6670.00000       13.5840139
   6680.00000       13.6170321
   6690.00000       13.6432581
   6700.00000       13.6632299
   6710.00000       13.6770964
   6720.00000       13.6857958
   6730.00000       13.6897459
   6740.00000       13.6882858
   6750.00000       13.6819277
   6760.00000       13.6727133
   6770.00000       13.6617861
   6780.00000       13.6497583
   6790.00000       13.6390066
   6800.00000       13.6326923
   6810.00000       13.6328421
   6820.00000       13.6412735
   6830.00000       13.6605816
   6840.00000       13.6932478
   6850.00000       13.7408485
   6860.00000       13.8037062
   6870.00000       13.8811169
   6880.00000       13.9718409
   6890.00000       14.0734568
   6900.00000       14.1822834
   6910.00000       14.2948437
   6920.00000       14.4073610
   6930.00000       14.5145407
   6940.00000       14.6118345
   6950.00000       14.6969318
   6960.00000       14.7671661
   6970.00000       14.8195190
   6980.00000       14.8538523
   6990.00000       14.8723907
   7000.00000       14.8769894
   7010.00000       14.8692589
   7020.00000       14.8520536
   7030.00000       14.8297148
   7040.00000       14.8067236
   7050.00000       14.7857971
   7060.00000       14.7688332
   7070.00000       14.7588940
   7080.00000       14.7586231
   7090.00000       14.7685328
   7100.00000       14.7889156
   7110.00000       14.8207712
   7120.00000       14.8643465
   7130.00000       14.9190502
   7140.00000       14.9841146
   7150.00000       15.0585861
   7160.00000       15.1413088
   7170.00000       15.2309771
   7180.00000       15.3264685
   7190.00000       15.4265604
   7200.00000       15.5282803
   7210.00000       15.6280031
   7220.00000       15.7243404
   7230.00000       15.8157396
   7240.00000       15.8981342
   7250.00000       15.9694452
   7260.00000       16.0302525
   7270.00000       16.0786819
   7280.00000       16.1128750
   7290.00000       16.1356449
   7300.00000       16.1499500
   7310.00000       16.1563301
   7320.00000       16.1573105
   7330.00000       16.1569405
   7340.00000       16.1577339
   7350.00000       16.1624126
   7360.00000       16.1738892
   7370.00000       16.1930695
   7380.00000       16.2204609
   7390.00000       16.2567616
   7400.00000       16.3010540
   7410.00000       16.3519573
   7420.00000       16.4085236
   7430.00000       16.4689121
   7440.00000       16.5317192
   7450.00000       16.5969505
   7460.00000       16.6639729
   7470.00000       16.7316284
   7480.00000       16.8001423
   7490.00000       16.8706665
   7500.00000       16.9439888
   7510.00000       17.0197430
   7520.00000       17.0965919
   7530.00000       17.1739979
   7540.00000       17.2516441
   7550.00000       17.3273678
   7560.00000       17.3989525
   7570.00000       17.4653034
   7580.00000       17.5240688
   7590.00000       17.5729618
   7600.00000       17.6126690
   7610.00000       17.6443825
   7620.00000       17.6683121
   7630.00000       17.6861019
   7640.00000       17.7001133
   7650.00000       17.7121506
   7660.00000       17.7251472
   7670.00000       17.7420330
   7680.00000       17.7634258
   7690.00000       17.7897835
   7700.00000       17.8230152
   7710.00000       17.8644085
   7720.00000       17.9134636
   7730.00000       17.9688301
   7740.00000       18.0299110
   7750.00000       18.0975723
   7760.00000       18.1716061
   7770.00000       18.2498722
   7780.00000       18.3315945
   7790.00000       18.4169846
   7800.00000       18.5042248
   7810.00000       18.5917339
   7820.00000       18.6796150
   7830.00000       18.7660828
   7840.00000       18.8482265
   7850.00000       18.9254646
   7860.00000       18.9975185
   7870.00000       19.0626850
   7880.00000       19.1200066
   7890.00000       19.1694088
   7900.00000       19.2112198
   7910.00000       19.2471542
   7920.00000       19.2786217
   7930.00000       19.3060913
   7940.00000       19.3320885
   7950.00000       19.3599167
   7960.00000       19.3904934
   7970.00000       19.4249992
   7980.00000       19.4661674
   7990.00000       19.5143948
   8000.00000       19.5682468
   8010.00000       19.6278915
   8020.00000       19.6931725
   8030.00000       19.7618198
   8040.00000       19.8322678
   8050.00000       19.9038754
   8060.00000       19.9748173
   8070.00000       20.0434513
   8080.00000       20.1100216
   8090.00000       20.1752052
   8100.00000       20.2391129
   8110.00000       20.3022118
   8120.00000       20.3650894
   8130.00000       20.4280167
   8140.00000       20.4914532
   8150.00000       20.5559006
   8160.00000       20.6208134
   8170.00000       20.6845207
   8180.00000       20.7459984
   8190.00000       20.8052368
   8200.00000       20.8612156
   8210.00000       20.9120445
   8220.00000       20.9576378
   8230.00000       20.9993362
   8240.00000       21.0371342
   8250.00000       21.0705738
   8260.00000       21.1012840
   8270.00000       21.1320667
   8280.00000       21.1651363
   8290.00000       21.2023964
   8300.00000       21.2461090
   8310.00000       21.2987690
   8320.00000       21.3622990
   8330.00000       21.4373989
   8340.00000       21.5245972
   8350.00000       21.6243744
   8360.00000       21.7348919
   8370.00000       21.8525162
   8380.00000       21.9747944
   8390.00000       22.0989304
   8400.00000       22.2198257
   8410.00000       22.3334332
   8420.00000       22.4376698
   8430.00000       22.5292873
   8440.00000       22.6054668
   8450.00000       22.6670456
   8460.00000       22.7161160
   8470.00000       22.7540092
   8480.00000       22.7830715
   8490.00000       22.8069134
   8500.00000       22.8291874
   8510.00000       22.8533077
   8520.00000       22.8820019
   8530.00000       22.9173145
   8540.00000       22.9610081
   8550.00000       23.0133801
   8560.00000       23.0734386
   8570.00000       23.1408768
   8580.00000       23.2148342
   8590.00000       23.2927589
   8600.00000       23.3732452
   8610.00000       23.4562855
   8620.00000       23.5401573
   8630.00000       23.6229076
   8640.00000       23.7051907
   8650.00000       23.7879925
   8660.00000       23.8702183
   8670.00000       23.9507256
   8680.00000       24.0300865
   8690.00000       24.1089535
   8700.00000       24.1864510
   8710.00000       24.2616959
   8720.00000       24.3351898
   8730.00000       24.4065781
   8740.00000       24.4738884
   8750.00000       24.5372562
   8760.00000       24.5988541
   8770.00000       24.6582603
   8780.00000       24.7138958
   8790.00000       24.7675896
   8800.00000       24.8215694
   8810.00000       24.8751793
   8820.00000       24.9284306
   8830.00000       24.9832439
   8840.00000       25.0402985
   8850.00000       25.0997047
   8860.00000       25.1629295
   8870.00000       25.2309837
   8880.00000       25.3037949
   8890.00000       25.3822422
   8900.00000       25.4676189
   8910.00000       25.5596161
   8920.00000       25.6573563
   8930.00000       25.7607307
   8940.00000       25.8693924
   8950.00000       25.9818211
   8960.00000       26.0955067
   8970.00000       26.2079315
   8980.00000       26.3174496
   8990.00000       26.4227829
   9000.00000       26.5218258
   9010.00000       26.6128159
   9020.00000       26.6957264
   9030.00000       26.7705975
   9040.00000       26.8369980
   9050.00000       26.8961525
   9060.00000       26.9503059
   9070.00000       27.0002232
   9080.00000       27.0463963
   9090.00000       27.0908604
   9100.00000       27.1355629
   9110.00000       27.1813412
   9120.00000       27.2292194
   9130.00000       27.2808285
   9140.00000       27.3374538
   9150.00000       27.3996525
   9160.00000       27.4680119
   9170.00000       27.5438728
   9180.00000       27.6280956
   9190.00000       27.7200432
   9200.00000       27.8191032
   9210.00000       27.9251842
   9220.00000       28.0368690
   9230.00000       28.1519623
   9240.00000       28.2693577
   9250.00000       28.3879375
   9260.00000       28.5053787
   9270.00000       28.6192780
   9280.00000       28.7283669
   9290.00000       28.8324108
   9300.00000       28.9308968
   9310.00000       29.0228214
   9320.00000       29.1090755
   9330.00000       29.1917286
   9340.00000       29.2705784
   9350.00000       29.3453503
   9360.00000       29.4181557
   9370.00000       29.4892197
   9380.00000       29.5567188
   9390.00000       29.6215057
   9400.00000       29.6841259
   9410.00000       29.7423077
   9420.00000       29.7963428
   9430.00000       29.8489151
   9440.00000       29.9005203
   9450.00000       29.9524593
   9460.00000       30.0084953
   9470.00000       30.0709362
   9480.00000       30.1419220
   9490.00000       30.2248573
   9500.00000       30.3213024
   9510.00000       30.4316750
   9520.00000       30.5561562
   9530.00000       30.6921272
   9540.00000       30.8368797
   9550.00000       30.9890480
   9560.00000       31.1437397
   9570.00000       31.2953606
   9580.00000       31.4425507
   9590.00000       31.5824547
   9600.00000       31.7101784
   9610.00000       31.8260345
   9620.00000       31.9313240
   9630.00000       32.0235176
   9640.00000       32.1030693
   9650.00000       32.1737328
   9660.00000       32.2362862
   9670.00000       32.2911301
   9680.00000       32.3402405
   9690.00000       32.3845329
   9700.00000       32.4259758
   9710.00000       32.4671402
   9720.00000       32.5078316
   9730.00000       32.5495796
   9740.00000       32.5968018
   9750.00000       32.6505470
   9760.00000       32.7115593
   9770.00000       32.7845459
   9780.00000       32.8717575
   9790.00000       32.9726944
   9800.00000       33.0894432
   9810.00000       33.2221107
   9820.00000       33.3671570
   9830.00000       33.5236931
   9840.00000       33.6904526
   9850.00000       33.8611603
   9860.00000       34.0309448
   9870.00000       34.1979523
   9880.00000       34.3575439
   9890.00000       34.5044060
   9900.00000       34.6361885
   9910.00000       34.7513046
   9920.00000       34.8488159
   9930.00000       34.9296494
   9940.00000       34.9952393
   9950.00000       35.0479164
   9960.00000       35.0910034
   9970.00000       35.1271744
   9980.00000       35.1598969
   9990.00000       35.1936378
   10000.0000       35.2305946
   10010.0000       35.2715797
   10020.0000       35.3183975
   10030.0000       35.3710518
   10040.0000       35.4266930
   10050.0000       35.4824982
   10060.0000       35.5342140
   10070.0000       35.5732803
   10080.0000       35.5888519
   10090.0000       35.5680771
   10100.0000       35.4923477
   10110.0000       35.3361778
   10120.0000       35.0674171
   10130.0000       34.6445160
   10140.0000       34.0127640
   10150.0000       33.1018524
   10160.0000       31.8233242
   10170.0000       30.0676632
   10180.0000       27.7006893
   10190.0000       24.5595207
   10200.0000       20.4506626
   10210.0000       15.1499443
   10220.0000       8.40209103
   10230.0000      -7.80469328E-02
   10240.0000      -10.5987425
   10250.0000      -23.4814453
   10260.0000      -39.0499420
   10270.0000      -57.6137085
   10280.0000      -79.4433441
   10290.0000      -104.744308
   10300.0000      -133.629501
   10310.0000      -166.084961
   10320.0000      -201.932770
   10330.0000      -240.800339
   10340.0000      -282.094788
   10350.0000      -324.982788
   10360.0000      -368.381409
   10370.0000      -410.967102
   10380.0000      -451.203339
   10390.0000      -487.388489
   10400.0000      -517.726746
   10410.0000      -540.417847
   10420.0000      -553.763794
   10430.0000      -556.286743
   10440.0000      -546.852844
   10450.0000      -524.782593
   10460.0000      -489.946320
   10470.0000      -442.832672
   10480.0000      -384.574707
   10490.0000      -316.928833
   10500.0000      -242.208496
   10510.0000      -163.167343
   10520.0000      -82.8384552
   10530.0000      -4.34479809
   10540.0000       69.3074188
   10550.0000       135.430435
   10560.0000       191.833496
   10570.0000       236.965530
   10580.0000       270.005096
   10590.0000       290.881897
   10600.0000       300.236389
   10610.0000       299.323151
   10620.0000       289.862213
   10630.0000       273.859833
   10640.0000       253.421860
   10650.0000       230.577286
   10660.0000       207.125092
   10670.0000       184.523392
   10680.0000       163.830399
   10690.0000       145.694290
   10700.0000       130.383438
   10710.0000       117.850983
   10720.0000       107.823318
   10730.0000       99.8912201
   10740.0000       93.5933456
   10750.0000       88.4872208
   10760.0000       84.1961517
   10770.0000       80.4310913
   10780.0000       76.9961472
   10790.0000       73.7795715
   10800.0000       70.7329330
   10810.0000       67.8478775
   10820.0000       65.1352921
   10830.0000       62.6080284
   10840.0000       60.2731133
   10850.0000       58.1292648
   10860.0000       56.1647301
   10870.0000       54.3606529
   10880.0000       52.6975250
   10890.0000       51.1564484
   10900.0000       49.7212410
   10910.0000       48.3818512
   10920.0000       47.1307297
   10930.0000       45.9605217
   10940.0000       44.8681946
   10950.0000       43.8526001
   10960.0000       42.9090004
   10970.0000       42.0329323
   10980.0000       41.2223129
   10990.0000       40.4730301
   11000.0000       39.7798309
   11010.0000       39.1386681
   11020.0000       38.5439415
   11030.0000       37.9892120
   11040.0000       37.4687462
   11050.0000       36.9748802
   11060.0000       36.4998779
   11070.0000       36.0387306
   11080.0000       35.5849419
   11090.0000       35.1309242
   11100.0000       34.6738129
   11110.0000       34.2124329
   11120.0000       33.7445831
   11130.0000       33.2723846
   11140.0000       32.8009567
   11150.0000       32.3327065
   11160.0000       31.8713741
   11170.0000       31.4249096
   11180.0000       30.9999180
   11190.0000       30.6004295
   11200.0000       30.2308044
   11210.0000       29.8940983
   11220.0000       29.5914803
   11230.0000       29.3233929
   11240.0000       29.0879765
   11250.0000       28.8817616
   11260.0000       28.7021160
   11270.0000       28.5454578
   11280.0000       28.4062500
   11290.0000       28.2801819
   11300.0000       28.1639805
   11310.0000       28.0532799
   11320.0000       27.9444466
   11330.0000       27.8354549
   11340.0000       27.7233315
   11350.0000       27.6047726
   11360.0000       27.4787769
   11370.0000       27.3446064
   11380.0000       27.1993465
   11390.0000       27.0411587
   11400.0000       26.8714542
   11410.0000       26.6911411
   11420.0000       26.4995537
   11430.0000       26.2987461
   11440.0000       26.0932636
   11450.0000       25.8862934
   11460.0000       25.6810970
   11470.0000       25.4829979
   11480.0000       25.2962818
   11490.0000       25.1238918
   11500.0000       24.9698105
   11510.0000       24.8364334
   11520.0000       24.7230377
   11530.0000       24.6293964
   11540.0000       24.5551128
   11550.0000       24.4962025
   11560.0000       24.4483395
   11570.0000       24.4095058
   11580.0000       24.3759537
   11590.0000       24.3423443
   11600.0000       24.3064842
   11610.0000       24.2677956
   11620.0000       24.2240601
   11630.0000       24.1743202
   11640.0000       24.1201763
   11650.0000       24.0621414
   11660.0000       23.9999943
   11670.0000       23.9352379
   11680.0000       23.8687687
   11690.0000       23.7995262
   11700.0000       23.7272854
   11710.0000       23.6520004
   11720.0000       23.5715256
   11730.0000       23.4839458
   11740.0000       23.3892994
   11750.0000       23.2875977
   11760.0000       23.1790771
   11770.0000       23.0658455
   11780.0000       22.9507103
   11790.0000       22.8365498
   11800.0000       22.7271252
   11810.0000       22.6261635
   11820.0000       22.5366383
   11830.0000       22.4609756
   11840.0000       22.4001064
   11850.0000       22.3540916
   11860.0000       22.3232975
   11870.0000       22.3060589
   11880.0000       22.2979794
   11890.0000       22.2959633
   11900.0000       22.2983932
   11910.0000       22.3019714
   11920.0000       22.3035221
   11930.0000       22.3017635
   11940.0000       22.2948017
   11950.0000       22.2808723
   11960.0000       22.2601280
   11970.0000       22.2321205
   11980.0000       22.1951809
   11990.0000       22.1493702
   12000.0000       22.0954189
   12010.0000       22.0326633
   12020.0000       21.9610691
   12030.0000       21.8816795
   12040.0000       21.7950363
   12050.0000       21.7025776
   12060.0000       21.6070881
   12070.0000       21.5106583
   12080.0000       21.4149666
   12090.0000       21.3227158
   12100.0000       21.2366734
   12110.0000       21.1590538
   12120.0000       21.0918808
   12130.0000       21.0363064
   12140.0000       20.9922981
   12150.0000       20.9591923
   12160.0000       20.9355545
   12170.0000       20.9191532
   12180.0000       20.9071426
   12190.0000       20.8961525
   12200.0000       20.8829613
   12210.0000       20.8647900
   12220.0000       20.8394756
   12230.0000       20.8062668
   12240.0000       20.7651539
   12250.0000       20.7153664
   12260.0000       20.6574478
   12270.0000       20.5949574
   12280.0000       20.5309238
   12290.0000       20.4658833
   12300.0000       20.4012108
   12310.0000       20.3392372
   12320.0000       20.2798843
   12330.0000       20.2215118
   12340.0000       20.1633263
   12350.0000       20.1043911
   12360.0000       20.0431061
   12370.0000       19.9786835
   12380.0000       19.9108086
   12390.0000       19.8388844
   12400.0000       19.7637806
   12410.0000       19.6890945
   12420.0000       19.6182861
   12430.0000       19.5522251
   12440.0000       19.4922714
   12450.0000       19.4425583
   12460.0000       19.4056644
   12470.0000       19.3802338
   12480.0000       19.3652706
   12490.0000       19.3606205
   12500.0000       19.3635235
   12510.0000       19.3705273
   12520.0000       19.3787594
   12530.0000       19.3824139
   12540.0000       19.3751717
   12550.0000       19.3549709
   12560.0000       19.3195286
   12570.0000       19.2634602
   12580.0000       19.1844292
   12590.0000       19.0843811
   12600.0000       18.9648762
   12610.0000       18.8279457
   12620.0000       18.6784019
   12630.0000       18.5218964
   12640.0000       18.3639336
   12650.0000       18.2105999
   12660.0000       18.0681305
   12670.0000       17.9409866
   12680.0000       17.8304672
   12690.0000       17.7371120
   12700.0000       17.6625996
   12710.0000       17.6051044
   12720.0000       17.5582600
   12730.0000       17.5184498
   12740.0000       17.4841366
   12750.0000       17.4495716
   12760.0000       17.4096642
   12770.0000       17.3639965
   12780.0000       17.3102951
   12790.0000       17.2456455
   12800.0000       17.1725864
   12810.0000       17.0930347
   12820.0000       17.0046692
   12830.0000       16.9085617
   12840.0000       16.8089390
   12850.0000       16.7061977
   12860.0000       16.5984993
   12870.0000       16.4860058
   12880.0000       16.3704205
   12890.0000       16.2527504
   12900.0000       16.1314754
   12910.0000       16.0054760
   12920.0000       15.8775730
   12930.0000       15.7495117
   12940.0000       15.6196575
   12950.0000       15.4897528
   12960.0000       15.3636522
   12970.0000       15.2410889
   12980.0000       15.1217394
   12990.0000       15.0076046
   13000.0000       14.8986330
   13010.0000       14.7946701
   13020.0000       14.6962175
   13030.0000       14.6003723
   13040.0000       14.5054045
   13050.0000       14.4132538
   13060.0000       14.3219290
   13070.0000       14.2278318
   13080.0000       14.1321726
   13090.0000       14.0339870
   13100.0000       13.9288731
   13110.0000       13.8172216
   13120.0000       13.6991768
   13130.0000       13.5696859
   13140.0000       13.4273806
   13150.0000       13.2740946
   13160.0000       13.1071939
   13170.0000       12.9247303
   13180.0000       12.7294254
   13190.0000       12.5230350
   13200.0000       12.3066273
   13210.0000       12.0833378
   13220.0000       11.8565302
   13230.0000       11.6299067
   13240.0000       11.4067736
   13250.0000       11.1883497
   13260.0000       10.9771900
   13270.0000       10.7764549
   13280.0000       10.5849237
   13290.0000       10.4010019
   13300.0000       10.2257013
   13310.0000       10.0572624
   13320.0000       9.89290047
   13330.0000       9.73273849
   13340.0000       9.57458591
   13350.0000       9.41460133
   13360.0000       9.25282478
   13370.0000       9.08819008
   13380.0000       8.91622925
   13390.0000       8.73525333
   13400.0000       8.54418850
   13410.0000       8.33953762
   13420.0000       8.12058544
   13430.0000       7.88774395
   13440.0000       7.63835144
   13450.0000       7.37212610
   13460.0000       7.09201002
   13470.0000       6.79867268
   13480.0000       6.49307489
   13490.0000       6.17833948
   13500.0000       5.85597706
   13510.0000       5.52797079
   13520.0000       5.19778442
   13530.0000       4.86559439
   13540.0000       4.53080988
   13550.0000       4.19549799
   13560.0000       3.85925889
   13570.0000       3.52008414
   13580.0000       3.17977905
   13590.0000       2.83926749
   13600.0000       2.49617696
   13610.0000       2.15172982
   13620.0000       1.80961347
   13630.0000       1.46998227
   13640.0000       1.13275075
   13650.0000      0.799860239
   13660.0000      0.470793337
   13670.0000      0.142825708
   13680.0000     -0.186250970
   13690.0000     -0.520064235
   13700.0000     -0.864187300
   13710.0000      -1.22435451
   13720.0000      -1.60689759
   13730.0000      -2.01756525
   13740.0000      -2.45928216
   13750.0000      -2.93442297
   13760.0000      -3.44558430
   13770.0000      -3.99127197
   13780.0000      -4.56671667
   13790.0000      -5.16921520
   13800.0000      -5.79601955
   13810.0000      -6.44034052
   13820.0000      -7.09635115
   13830.0000      -7.76259565
   13840.0000      -8.43653393
   13850.0000      -9.11369514
   13860.0000      -9.79332352
   13870.0000      -10.4770575
   13880.0000      -11.1646442
   13890.0000      -11.8564758
   13900.0000      -12.5550117
   13910.0000      -13.2609835
   13920.0000      -13.9741106
   13930.0000      -14.6967268
   13940.0000      -15.4319878
   13950.0000      -16.1816254
   13960.0000      -16.9483128
   13970.0000      -17.7371807
   13980.0000      -18.5536175
   13990.0000      -19.4029293
   14000.0000      -20.2924290
   14010.0000      -21.2305088
   14020.0000      -22.2233772
   14030.0000      -23.2759571
   14040.0000      -24.3945522
   14050.0000      -25.5842171
   14060.0000      -26.8463612
   14070.0000      -28.1819897
   14080.0000      -29.5916443
   14090.0000      -31.0725002
   14100.0000      -32.6216125
   14110.0000      -34.2384338
   14120.0000      -35.9209290
   14130.0000      -37.6670151
   14140.0000      -39.4789581
   14150.0000      -41.3602295
   14160.0000      -43.3143921
   14170.0000      -45.3498459
   14180.0000      -47.4784088
   14190.0000      -49.7118721
   14200.0000      -52.0659447
   14210.0000      -54.5607491
   14220.0000      -57.2163544
   14230.0000      -60.0548592
   14240.0000      -63.1029472
   14250.0000      -66.3890228
   14260.0000      -69.9433289
   14270.0000      -73.8008881
   14280.0000      -77.9999695
   14290.0000      -82.5808029
   14300.0000      -87.5869827
   14310.0000      -93.0659561
   14320.0000      -99.0681152
   14330.0000      -105.644875
   14340.0000      -112.846878
   14350.0000      -120.722076
   14360.0000      -129.311768
   14370.0000      -138.645157
   14380.0000      -148.735825
   14390.0000      -159.574890
   14400.0000      -171.118790
   14410.0000      -183.282669
   14420.0000      -195.934692
   14430.0000      -208.882080
   14440.0000      -221.858170
   14450.0000      -234.519531
   14460.0000      -246.440399
   14470.0000      -257.104095
   14480.0000      -265.904938
   14490.0000      -272.158539
   14500.0000      -275.114349
   14510.0000      -273.974152
   14520.0000      -267.922485
   14530.0000      -256.166870
   14540.0000      -237.984299
   14550.0000      -212.771698
   14560.0000      -180.103149
   14570.0000      -139.793854
   14580.0000      -91.9522400
   14590.0000      -37.0233803
   14600.0000       24.1708641
   14610.0000       90.4149857
   14620.0000       160.114365
   14630.0000       231.328033
   14640.0000       301.826996
   14650.0000       369.194031
   14660.0000       430.943848
   14670.0000       484.655701
   14680.0000       528.125732
   14690.0000       559.520996
   14700.0000       577.512695
   14710.0000       581.388428
   14720.0000       571.131104
   14730.0000       547.444214
   14740.0000       511.723846
   14750.0000       465.984772
   14760.0000       412.728485
   14770.0000       354.769562
   14780.0000       295.039185
   14790.0000       236.378754
   14800.0000       181.342484
   14810.0000       132.029434
   14820.0000       89.9583435
   14830.0000       55.9995728
   14840.0000       30.3704700
   14850.0000       12.6884136
   14860.0000       2.07485580
   14870.0000      -2.70371985
   14880.0000      -3.07634234
   14890.0000     -0.505255759
   14900.0000       3.65781379
   14910.0000       8.27950668
   14920.0000       12.5143290
   14930.0000       15.8308849
   14940.0000       17.9926662
   14950.0000       19.0091934
   14960.0000       19.0689602
   14970.0000       18.4589386
   14980.0000       17.4901314
   14990.0000       16.4429016
   15000.0000       15.5278854
   15010.0000       14.8664389
   15020.0000       14.4959984
   15030.0000       14.3886786
   15040.0000       14.4743109
   15050.0000       14.6670170
   15060.0000       14.8877048
   15070.0000       15.0785761
   15080.0000       15.2104607
   15090.0000       15.2796173
   15100.0000       15.2986870
   15110.0000       15.2900848
   15120.0000       15.2782249
   15130.0000       15.2806540
   15140.0000       15.3056431
   15150.0000       15.3526535
   15160.0000       15.4130201
   15170.0000       15.4754629
   15180.0000       15.5303459
   15190.0000       15.5678539
   15200.0000       15.5797586
   15210.0000       15.5639925
   15220.0000       15.5217733
   15230.0000       15.4533243
   15240.0000       15.3597469
   15250.0000       15.2437944
   15260.0000       15.1073561
   15270.0000       14.9525928
   15280.0000       14.7851782
   15290.0000       14.6126747
   15300.0000       14.4414968
   15310.0000       14.2787476
   15320.0000       14.1335707
   15330.0000       14.0133963
   15340.0000       13.9230318
   15350.0000       13.8670864
   15360.0000       13.8473969
   15370.0000       13.8612146
   15380.0000       13.9054804
   15390.0000       13.9758959
   15400.0000       14.0633183
   15410.0000       14.1590424
   15420.0000       14.2571793
   15430.0000       14.3490105
   15440.0000       14.4259396
   15450.0000       14.4845181
   15460.0000       14.5207157
   15470.0000       14.5292873
   15480.0000       14.5107517
   15490.0000       14.4680414
   15500.0000       14.4011889
   15510.0000       14.3115139
   15520.0000       14.2025642
   15530.0000       14.0770187
   15540.0000       13.9381266
   15550.0000       13.7893124
   15560.0000       13.6330595
   15570.0000       13.4738293
   15580.0000       13.3163691
   15590.0000       13.1630030
   15600.0000       13.0182686
   15610.0000       12.8882742
   15620.0000       12.7748680
   15630.0000       12.6796761
   15640.0000       12.6076269
   15650.0000       12.5608406
   15660.0000       12.5377522
   15670.0000       12.5366449
   15680.0000       12.5539503
   15690.0000       12.5848980
   15700.0000       12.6254807
   15710.0000       12.6690598
   15720.0000       12.7076120
   15730.0000       12.7366095
   15740.0000       12.7523136
   15750.0000       12.7499218
   15760.0000       12.7275887
   15770.0000       12.6856632
   15780.0000       12.6246605
   15790.0000       12.5474119
   15800.0000       12.4578085
   15810.0000       12.3583698
   15820.0000       12.2521906
   15830.0000       12.1426239
   15840.0000       12.0316076
   15850.0000       11.9210443
   15860.0000       11.8118916
   15870.0000       11.7029295
   15880.0000       11.5935421
   15890.0000       11.4840984
   15900.0000       11.3745537
   15910.0000       11.2657909
   15920.0000       11.1587458
   15930.0000       11.0535765
   15940.0000       10.9533834
   15950.0000       10.8631878
   15960.0000       10.7849817
   15970.0000       10.7200289
   15980.0000       10.6709766
   15990.0000       10.6378584
   16000.0000       10.6189728
   16010.0000       10.6137238
   16020.0000       10.6189070
   16030.0000       10.6280375
   16040.0000       10.6358490
   16050.0000       10.6378765
   16060.0000       10.6289186
   16070.0000       10.6052933
   16080.0000       10.5646553
   16090.0000       10.5050354
   16100.0000       10.4266644
   16110.0000       10.3315210
   16120.0000       10.2213850
   16130.0000       10.0985327
   16140.0000       9.96613312
   16150.0000       9.82748604
   16160.0000       9.68542576
   16170.0000       9.54121494
   16180.0000       9.39599800
   16190.0000       9.25322247
   16200.0000       9.11522484
   16210.0000       8.98131943
   16220.0000       8.85314465
   16230.0000       8.73449802
   16240.0000       8.62593079
   16250.0000       8.52781105
   16260.0000       8.44303226
   16270.0000       8.37151432
   16280.0000       8.31118679
   16290.0000       8.26286793
   16300.0000       8.22519398
   16310.0000       8.19275951
   16320.0000       8.16310310
   16330.0000       8.13423157
   16340.0000       8.09955692
   16350.0000       8.05514526
   16360.0000       8.00137138
   16370.0000       7.93435526
   16380.0000       7.84947157
   16390.0000       7.74911594
   16400.0000       7.63675737
   16410.0000       7.51294708
   16420.0000       7.38061523
   16430.0000       7.24438906
   16440.0000       7.10763741
   16450.0000       6.97477865
   16460.0000       6.84955788
   16470.0000       6.73244047
   16480.0000       6.62403059
   16490.0000       6.52465343
   16500.0000       6.43133307
   16510.0000       6.34154415
   16520.0000       6.25441504
   16530.0000       6.16685247
   16540.0000       6.07585430
   16550.0000       5.98127413
   16560.0000       5.88320398
   16570.0000       5.78313732
   16580.0000       5.68501091
   16590.0000       5.59068394
   16600.0000       5.50123262
   16610.0000       5.42049932
   16620.0000       5.34958887
   16630.0000       5.28518724
   16640.0000       5.22600603
   16650.0000       5.17048216
   16660.0000       5.11173534
   16670.0000       5.04340458
   16680.0000       4.96261454
   16690.0000       4.86464787
   16700.0000       4.74433279
   16710.0000       4.60072803
   16720.0000       4.43424177
   16730.0000       4.24491978
   16740.0000       4.03640079
   16750.0000       3.81542826
   16760.0000       3.58729267
   16770.0000       3.35644984
   16780.0000       3.13030386
   16790.0000       2.91769290
   16800.0000       2.72408295
   16810.0000       2.55245638
   16820.0000       2.40719223
   16830.0000       2.29120231
   16840.0000       2.20191479
   16850.0000       2.13532114
   16860.0000       2.08858371
   16870.0000       2.05522203
   16880.0000       2.02566886
   16890.0000       1.99356210
   16900.0000       1.95387280
   16910.0000       1.89859402
   16920.0000       1.82201707
   16930.0000       1.72468233
   16940.0000       1.60760796
   16950.0000       1.47022378
   16960.0000       1.31554365
   16970.0000       1.14942133
   16980.0000      0.975499630
   16990.0000      0.796598673
   17000.0000      0.617101371
   17010.0000      0.440151513
