 16297969.1811096352
 16297969.1811406128
 16297969.1811518464
 16297969.1811518501
 16297969.1811406109
 16297969.1811034512
 16297969.1811334975
 16297969.1811591107
 16297969.1811591126
 16297969.1811334919
 16297969.1811591033
 16297969.1811334956
 16297969.1811034605
 16297969.1811334938
 16297969.1811591070
 16297969.1811518446
 16297969.1811406128
 16297969.1811096389
 16297969.1811406165
 16297969.1811518483
 15342090.6907543894
 15342090.6905765813
 15342090.6905405652
 15342090.6905222479
 15342090.6905405615
 15342090.6905765813
 15342090.6905222405
 15342090.6905405652
 15342090.6905765757
 15342090.6905765757
 15342090.6905405577
 15342090.6907543894
