   1.30576734E-06
   1.33430319E-06
   1.46627190E-06
   1.46627190E-06
   1.33430319E-06
   1.62775777E-07
   3.72377514E-07
   6.09171082E-07
   6.09171082E-07
   3.72377514E-07
   2.91781049E-07
   5.11017561E-07
   1.62775834E-07
   5.11017561E-07
   2.91781049E-07
   1.37845939E-06
   1.33430331E-06
   1.30220576E-06
   1.33430331E-06
   1.37845961E-06
   6.05007745E-06
   3.59185748E-07
   2.01669579E-07
   2.01669621E-07
   2.01669579E-07
   3.59185748E-07
   2.02958830E-07
   3.09530208E-07
   4.79928417E-07
   4.79928417E-07
   3.09530208E-07
   6.05035621E-06
   2.41226796E-02
   1.74456686E-02
   2.41227001E-02
   1.74456481E-02
   2.41226554E-02
   1.74460430E-02
   2.41226554E-02
   1.74456481E-02
   2.41227001E-02
   1.74456704E-02
   2.41205972E-02
   1.74459890E-02
   2.41209324E-02
   1.74458642E-02
   2.41208468E-02
   2.41208468E-02
   1.74457878E-02
   2.41206381E-02
   1.74457543E-02
   2.41207462E-02
   1.74458846E-02
   2.41207238E-02
   1.74457692E-02
   2.41207480E-02
   2.41207033E-02
   2.41205003E-02
   1.74457710E-02
   2.41204351E-02
   1.74459964E-02
   2.41205003E-02
   1.74457692E-02
   2.41211895E-02
   2.41211895E-02
   2.41205003E-02
   1.74459964E-02
   2.41207462E-02
   1.74457710E-02
   2.41205003E-02
   1.74458660E-02
   2.41207052E-02
   2.41207480E-02
   2.41207238E-02
   1.74458828E-02
   2.41205972E-02
   1.74457561E-02
   2.41206381E-02
   2.41208505E-02
   2.41208505E-02
   2.41209324E-02
   1.74459908E-02
   2.41204798E-02
   2.41206307E-02
   1.74458232E-02
   2.41209809E-02
   1.74455810E-02
   2.41209809E-02
   1.74458232E-02
   2.41206307E-02
   2.41205152E-02
   2.41205245E-02
   2.41209175E-02
   1.74455196E-02
   2.41211224E-02
   1.74462218E-02
   2.41208542E-02
   2.41205990E-02
   2.41212193E-02
   2.41210926E-02
   1.74457263E-02
   2.41210926E-02
   1.74456146E-02
   2.41205115E-02
   2.41205990E-02
   2.41205115E-02
   2.41210926E-02
   1.74457245E-02
   2.41210926E-02
   1.74462218E-02
   2.41212193E-02
   2.41205152E-02
   2.41208524E-02
   2.41211224E-02
   1.74455196E-02
   2.41209175E-02
   2.41205245E-02
   2.41226554E-02
   2.41226908E-02
   2.41226461E-02
   2.41226461E-02
   2.41226926E-02
   6.56740135E-03
   2.00292114E-02
   6.56737806E-03
   4.32655215E-03
   1.42592387E-02
   5.86805912E-03
   5.86803397E-03
   1.42592462E-02
   4.32666065E-03
   2.00292282E-02
   6.56742416E-03
   4.32661083E-03
   1.42592564E-02
   5.86803444E-03
   1.42594799E-02
   4.32661362E-03
   2.00292151E-02
   6.56742463E-03
   4.32657544E-03
   1.42591717E-02
   5.86803444E-03
   1.42591782E-02
   4.32657590E-03
   2.00292282E-02
   6.56737806E-03
   4.32661315E-03
   1.42594809E-02
   5.86803397E-03
   1.42592555E-02
   4.32661129E-03
   2.00292114E-02
   4.32666065E-03
   1.42592462E-02
   1.42592387E-02
   4.32655215E-03
   6.56555733E-03
   2.00280957E-02
   6.56536734E-03
   4.32638125E-03
   1.42589817E-02
   5.86707471E-03
   5.86726377E-03
   1.42590320E-02
   4.32642968E-03
   2.00277139E-02
   6.56533008E-03
   4.32661548E-03
   1.42592089E-02
   5.86728239E-03
   1.42593272E-02
   4.32640361E-03
   2.00279150E-02
   6.56553730E-03
   1.42594473E-02
   5.86735085E-03
   1.42594399E-02
   2.00275462E-02
   6.56564673E-03
   4.32652654E-03
   1.42593542E-02
   5.86722605E-03
   1.42591158E-02
   4.32648370E-03
   2.00277213E-02
   4.32635238E-03
   1.42591400E-02
   1.42590879E-02
   4.32634493E-03
   6.56580552E-03
   2.00280901E-02
   6.56571845E-03
   4.32636961E-03
   1.42591977E-02
   5.86734293E-03
   5.86741604E-03
   1.42594287E-02
   4.32609068E-03
   2.00279299E-02
   6.56519877E-03
   4.32658428E-03
   1.42587917E-02
   5.86738437E-03
   1.42592937E-02
   4.32670908E-03
   2.00277250E-02
   6.56524999E-03
   1.42593160E-02
   5.86738670E-03
   1.42593794E-02
   2.00276449E-02
   6.56544417E-03
   1.42593421E-02
   5.86679764E-03
   1.42588830E-02
   2.00279281E-02
   4.32640500E-03
   1.42592741E-02
   1.42588951E-02
   4.32619685E-03
   6.56580785E-03
   2.00276058E-02
   6.56516664E-03
   4.32675052E-03
   1.42591400E-02
   5.86689310E-03
   5.86727401E-03
   1.42592266E-02
   4.32728790E-03
   2.00275425E-02
   6.56507863E-03
   4.32658428E-03
   1.42596923E-02
   5.86719997E-03
   1.42594948E-02
   4.32670908E-03
   2.00275164E-02
   6.56507770E-03
   1.42592909E-02
   5.86719997E-03
   1.42591894E-02
   2.00275425E-02
   6.56516664E-03
   1.42594948E-02
   5.86727401E-03
   1.42596923E-02
   2.00276058E-02
   4.32728743E-03
   1.42592266E-02
   1.42591409E-02
   4.32675052E-03
   6.56580552E-03
   2.00279281E-02
   6.56544417E-03
   4.32619685E-03
   1.42588951E-02
   5.86734293E-03
   5.86679764E-03
   1.42592741E-02
   4.32640454E-03
   2.00276449E-02
   6.56524999E-03
   4.32661595E-03
   1.42588830E-02
   5.86738670E-03
   1.42593421E-02
   4.32640361E-03
   2.00277250E-02
   6.56519830E-03
   1.42593784E-02
   5.86738437E-03
   1.42593160E-02
   2.00279299E-02
   6.56571845E-03
   1.42592937E-02
   5.86741604E-03
   1.42587917E-02
   2.00280901E-02
   4.32609068E-03
   1.42594287E-02
   1.42591968E-02
   4.32636915E-03
   6.56555733E-03
   2.00277213E-02
   6.56564673E-03
   4.32634493E-03
   1.42590879E-02
   5.86707471E-03
   5.86722605E-03
   1.42591400E-02
   4.32635285E-03
   2.00275462E-02
   6.56553730E-03
   1.42591158E-02
   5.86735085E-03
   1.42593542E-02
   2.00279169E-02
   6.56533008E-03
   1.42594399E-02
   5.86728239E-03
   1.42594473E-02
   2.00277120E-02
   6.56536734E-03
   1.42593272E-02
   5.86726377E-03
   1.42592089E-02
   2.00280957E-02
   4.32642968E-03
   1.42590320E-02
   1.42589817E-02
   4.32638125E-03
   6.56552380E-03
   2.00279001E-02
   6.56557595E-03
   1.42591121E-02
   5.86704304E-03
   5.86714223E-03
   1.42591707E-02
   2.00278144E-02
   6.56539528E-03
   4.32660058E-03
   1.42591177E-02
   5.86730847E-03
   1.42593533E-02
   4.32659453E-03
   2.00278778E-02
   6.56539528E-03
   4.32650978E-03
   1.42594874E-02
   5.86730801E-03
   1.42594874E-02
   4.32650931E-03
   2.00278144E-02
   6.56557595E-03
   4.32659453E-03
   1.42593561E-02
   5.86714223E-03
   1.42591177E-02
   4.32660012E-03
   2.00279001E-02
   1.42591707E-02
   1.42591121E-02
   6.56553218E-03
   2.00278703E-02
   6.56553358E-03
   1.42589668E-02
   5.86701743E-03
   5.86739043E-03
   1.42590823E-02
   2.00276338E-02
   6.56525046E-03
   1.42590823E-02
   5.86720789E-03
   1.42591968E-02
   2.00278554E-02
   6.56558387E-03
   4.32654144E-03
   1.42593868E-02
   5.86731406E-03
   1.42595172E-02
   4.32658615E-03
   2.00280361E-02
   6.56570448E-03
   4.32644831E-03
   1.42594241E-02
   5.86713804E-03
   1.42591977E-02
   4.32688044E-03
   2.00278852E-02
   1.42590953E-02
   1.42590934E-02
   6.56568771E-03
   2.00279523E-02
   6.56540738E-03
   1.42587340E-02
   5.86699182E-03
   5.86738577E-03
   1.42589631E-02
   2.00279430E-02
   6.56507676E-03
   1.42591326E-02
   5.86710172E-03
   1.42587023E-02
   2.00277418E-02
   6.56542368E-03
   4.32647578E-03
   1.42592872E-02
   5.86769124E-03
   1.42592378E-02
   4.32678545E-03
   2.00279299E-02
   6.56594895E-03
   4.32654517E-03
   1.42598376E-02
   5.86741185E-03
   1.42590031E-02
   4.32664715E-03
   2.00281329E-02
   1.42592257E-02
   1.42593980E-02
   6.56568771E-03
   2.00281329E-02
   6.56594848E-03
   1.42593971E-02
   5.86699182E-03
   5.86741185E-03
   1.42592266E-02
   2.00279299E-02
   6.56542368E-03
   1.42590031E-02
   5.86769171E-03
   1.42598366E-02
   2.00277418E-02
   6.56507676E-03
   4.32678638E-03
   1.42592378E-02
   5.86710265E-03
   1.42592872E-02
   4.32647578E-03
   2.00279430E-02
   6.56540738E-03
   4.32644831E-03
   1.42587041E-02
   5.86738484E-03
   1.42591326E-02
   4.32688044E-03
   2.00279523E-02
   1.42589621E-02
   1.42587321E-02
   6.56553218E-03
   2.00278852E-02
   6.56570448E-03
   1.42590934E-02
   5.86701790E-03
   5.86713850E-03
   1.42590953E-02
   2.00280342E-02
   6.56558434E-03
   1.42591977E-02
   5.86731406E-03
   1.42594241E-02
   2.00278554E-02
   6.56525046E-03
   4.32658615E-03
   1.42595172E-02
   5.86720789E-03
   1.42593877E-02
   4.32654144E-03
   2.00276338E-02
   6.56553358E-03
   1.42591977E-02
   5.86739043E-03
   1.42590823E-02
   2.00278703E-02
   1.42590823E-02
   1.42589668E-02
   6.56737899E-03
   2.00292300E-02
   6.56737760E-03
   1.42591782E-02
   5.86816110E-03
   5.86804794E-03
   1.42592015E-02
   2.00292505E-02
   6.56741252E-03
   1.42592816E-02
   5.86813642E-03
   1.42592834E-02
   2.00292151E-02
   6.56741252E-03
   1.42592015E-02
   5.86813549E-03
   1.42592015E-02
   2.00292505E-02
   6.56737760E-03
   1.42592834E-02
   5.86804887E-03
   1.42592825E-02
   2.00292300E-02
   1.42592015E-02
   1.42591782E-02
