   2.98199183E-07
   2.98253639E-07
   3.04264859E-07
   3.04264859E-07
   2.98253667E-07
   8.49655990E-08
   1.51561395E-07
   2.17352138E-07
   2.06494178E-07
   1.51561395E-07
   1.62486458E-07
   2.99727816E-07
   8.58164171E-08
   2.99727816E-07
   1.62486458E-07
   2.89249982E-07
   3.20792992E-07
   2.87928771E-07
   3.20792992E-07
   2.89249982E-07
   2.80158474E-07
   1.99060423E-07
   2.08390290E-07
   1.69383952E-07
   2.08390290E-07
   1.99060423E-07
   1.70204487E-07
   1.92401586E-07
   1.75898734E-07
   1.62869185E-07
   1.92401586E-07
   2.67140422E-07
