   4.93048958E-07
   5.07578932E-07
   4.81371501E-07
   4.81371501E-07
   5.07578875E-07
   1.23350176E-07
   1.82569536E-07
   1.18630176E-07
   1.18630176E-07
   1.82569536E-07
   1.40875756E-07
   1.83908455E-07
   1.11051634E-07
   1.83908469E-07
   1.40875756E-07
   5.21038771E-07
   4.79132268E-07
   6.81937763E-07
   4.79132268E-07
   5.21038771E-07
   0.00000000    
   2.04734334E-07
   1.47729253E-07
   3.76253212E-07
   1.47729253E-07
   2.04734334E-07
   5.58526452E-08
   5.07601001E-08
   2.19146159E-07
   2.19146159E-07
   5.07601001E-08
   0.00000000    
   2.46212259E-02
   1.69846844E-02
   2.46212129E-02
   1.69846732E-02
   2.46212557E-02
   1.69846192E-02
   2.46212557E-02
   1.69846714E-02
   2.46212129E-02
   1.69846844E-02
   2.46209800E-02
   1.69842783E-02
   2.46211514E-02
   1.69843752E-02
   2.46210694E-02
   2.46210247E-02
   1.69844311E-02
   2.46209595E-02
   1.69841852E-02
   2.46210303E-02
   1.69841815E-02
   2.46209633E-02
   1.69844795E-02
   2.46210005E-02
   2.46209800E-02
   2.46210154E-02
   1.69842858E-02
   2.46211272E-02
   1.69841740E-02
   2.46212725E-02
   1.69844795E-02
   2.46209595E-02
   2.46209651E-02
   2.46212427E-02
   1.69841815E-02
   2.46210303E-02
   1.69842858E-02
   2.46210173E-02
   1.69843752E-02
   2.46209800E-02
   2.46210005E-02
   2.46209633E-02
   1.69841815E-02
   2.46209800E-02
   1.69841852E-02
   2.46209633E-02
   2.46210247E-02
   2.46210750E-02
   2.46211495E-02
   1.69842783E-02
   2.46209800E-02
   2.46209670E-02
   1.69844069E-02
   2.46209595E-02
   1.69846248E-02
   2.46209595E-02
   1.69844050E-02
   2.46209707E-02
   2.46209446E-02
   2.46209148E-02
   2.46209670E-02
   1.69846751E-02
   2.46210154E-02
   1.69845242E-02
   2.46211514E-02
   2.46209446E-02
   2.46211383E-02
   2.46209595E-02
   1.69846732E-02
   2.46212557E-02
   1.69844143E-02
   2.46208217E-02
   2.46209446E-02
   2.46208217E-02
   2.46212576E-02
   1.69846732E-02
   2.46209595E-02
   1.69845242E-02
   2.46211383E-02
   2.46209446E-02
   2.46211514E-02
   2.46210154E-02
   1.69846751E-02
   2.46209670E-02
   2.46209148E-02
   2.46211737E-02
   2.46212501E-02
   2.46212240E-02
   2.46212240E-02
   2.46212501E-02
