 1037955.88082810468
 1037955.88083803654
 1037955.88083766855
 1037955.88083766832
 1037955.88083803642
 1037955.88083457935
 1037955.88084854779
 1037955.88084563985
 1037955.88084563974
 1037955.88084854791
 1037955.88084563962
 1037955.88084854779
 1037955.88083458028
 1037955.88084854803
 1037955.88084563927
 1037955.88083766901
 1037955.88083803689
 1037955.88082810526
 1037955.88083803677
 1037955.88083766913
 979079.181547016371
 979079.181546966196
 979079.181544990162
 979079.181533653405
 979079.181544990512
 979079.181546965963
 979079.181533653755
 979079.181544990162
 979079.181546965730
 979079.181546965498
 979079.181544990395
 979079.181547016138
 1056562.41311612120
 1070527.53479233594
 1056562.41311663715
 1070527.53479188494
 1056562.41311995639
 1070527.53479299648
 1056562.41311995639
 1070527.53479188471
 1056562.41311663692
 1070527.53479233547
 1056562.41312320414
 1070527.53478283621
 1056562.41312996950
 1070527.53478824464
 1056562.41312359110
 1056562.41312622046
 1070527.53478323482
 1056562.41312860325
 1070527.53478008718
 1056562.41312069981
 1070527.53478283645
 1056562.41312663886
 1070527.53478937410
 1056562.41312621464
 1056562.41311694239
 1056562.41311884299
 1070527.53477172181
 1056562.41311677126
 1070527.53478008625
 1056562.41312887101
 1070527.53478937410
 1056562.41311992309
 1056562.41312014777
 1056562.41312887124
 1070527.53478008625
 1056562.41312069958
 1070527.53477172134
 1056562.41311884345
 1070527.53478824464
 1056562.41311694286
 1056562.41312621441
 1056562.41312663886
 1070527.53478283621
 1056562.41312320414
 1070527.53478008742
 1056562.41312860302
 1056562.41312622023
 1056562.41312359064
 1056562.41312996973
 1070527.53478283668
 1056562.41311676800
 1056562.41312887124
 1070527.53478937433
 1056562.41311992309
 1070527.53479299508
 1056562.41312014800
 1070527.53478937456
 1056562.41312887147
 1056562.41312069981
 1056562.41312663862
 1056562.41312621417
 1070527.53479188494
 1056562.41311694239
 1070527.53478824394
 1056562.41311884299
 1056562.41312320484
 1056562.41312996880
 1056562.41312359157
 1070527.53479233524
 1056562.41312622000
 1070527.53478323598
 1056562.41312860372
 1056562.41312320507
 1056562.41312860348
 1056562.41312622000
 1070527.53479233501
 1056562.41312359157
 1070527.53478824394
 1056562.41312996880
 1056562.41312069981
 1056562.41311884345
 1056562.41311694286
 1070527.53479188494
 1056562.41312621417
 1056562.41312663886
 1056562.41311612190
 1056562.41311663738
 1056562.41311995662
 1056562.41311995639
 1056562.41311663738
 1033387.88810393412
 1075748.45703975135
 1033387.88810864999
 1051432.02032193355
 1079472.49093881412
 1047933.87407794350
 1047933.87408826733
 1079472.49093827815
 1051432.02031912887
 1075748.45703920722
 1033387.88810712763
 1051432.02031273581
 1079472.49093168578
 1047933.87408850540
 1079472.49093558313
 1051432.02032106929
 1075748.45704050106
 1033387.88810712763
 1051432.02031520498
 1079472.49093553843
 1047933.87408850552
 1079472.49093553843
 1051432.02031520498
 1075748.45703920722
 1033387.88810865034
 1051432.02032106905
 1079472.49093558290
 1047933.87408826756
 1079472.49093168601
 1051432.02031273628
 1075748.45703975135
 1051432.02031912864
 1079472.49093827815
 1079472.49093881366
 1051432.02032193379
 1033387.88806458015
 1075748.45705441060
 1033387.88805718976
 1051432.02031344105
 1079472.49093070836
 1047933.87408032711
 1047933.87408586638
 1079472.49094303558
 1051432.02030831925
 1075748.45705565158
 1033387.88806279190
 1051432.02031071158
 1079472.49094144860
 1047933.87408684893
 1079472.49093876593
 1051432.02031747485
 1075748.45705253375
 1033387.88806187536
 1079472.49093834520
 1047933.87408421072
 1079472.49093694775
 1075748.45705287857
 1033387.88805977919
 1051432.02030760888
 1079472.49093646556
 1047933.87408828433
 1079472.49093582272
 1051432.02030428592
 1075748.45705112722
 1051432.02031458239
 1079472.49094013637
 1079472.49093031045
 1051432.02031537541
 1033387.88806387468
 1075748.45705197984
 1033387.88806062948
 1051432.02030831948
 1079472.49092762219
 1047933.87408738059
 1047933.87409054255
 1079472.49093926651
 1051432.02031344082
 1075748.45705436985
 1033387.88806193334
 1051432.02030655532
 1079472.49093939480
 1047933.87408466893
 1079472.49093567906
 1051432.02031406178
 1075748.45705399406
 1033387.88806455408
 1079472.49093707907
 1047933.87407986145
 1079472.49093610724
 1075748.45704408828
 1033387.88805913017
 1079472.49093972752
 1047933.87408673763
 1079472.49093743600
 1075748.45705699455
 1051432.02031107526
 1079472.49092971417
 1079472.49093148555
 1051432.02031107503
 1033387.88805638067
 1075748.45705201430
 1033387.88806151575
 1051432.02031458146
 1079472.49093200965
 1047933.87407306267
 1047933.87408777548
 1079472.49093799340
 1051432.02031537495
 1075748.45705364412
 1033387.88806273101
 1051432.02030655555
 1079472.49093878129
 1047933.87408433401
 1079472.49094018759
 1051432.02031406155
 1075748.45705136238
 1033387.88806272985
 1079472.49093584786
 1047933.87408345251
 1079472.49093650351
 1075748.45705364412
 1033387.88806151540
 1079472.49094018782
 1047933.87408777606
 1079472.49093878129
 1075748.45705201430
 1051432.02031537495
 1079472.49093799340
 1079472.49093200988
 1051432.02031458146
 1033387.88806387444
 1075748.45705699455
 1033387.88805913005
 1051432.02031107526
 1079472.49093148578
 1047933.87408738094
 1047933.87408673810
 1079472.49092971440
 1051432.02031107526
 1075748.45704408851
 1033387.88806455419
 1051432.02031071158
 1079472.49093743577
 1047933.87407986145
 1079472.49093972798
 1051432.02031747508
 1075748.45705399406
 1033387.88806193380
 1079472.49093610700
 1047933.87408466858
 1079472.49093707907
 1075748.45705436985
 1033387.88806062960
 1079472.49093567883
 1047933.87409054243
 1079472.49093939480
 1075748.45705198008
 1051432.02031344059
 1079472.49093926651
 1079472.49092762196
 1051432.02030831901
 1033387.88806458015
 1075748.45705112745
 1033387.88805977872
 1051432.02031537541
 1079472.49093031068
 1047933.87408032722
 1047933.87408828433
 1079472.49094013660
 1051432.02031458239
 1075748.45705287857
 1033387.88806187559
 1079472.49093582272
 1047933.87408421095
 1079472.49093646603
 1075748.45705253398
 1033387.88806279178
 1079472.49093694752
 1047933.87408684893
 1079472.49093834520
 1075748.45705565182
 1033387.88805718988
 1079472.49093876593
 1047933.87408586650
 1079472.49094144837
 1075748.45705441060
 1051432.02030831901
 1079472.49094303558
 1079472.49093070836
 1051432.02031344105
 1033387.88805637974
 1075748.45705201523
 1033387.88806151599
 1079472.49093200895
 1047933.87407306116
 1047933.87408777606
 1079472.49093799316
 1075748.45705364575
 1033387.88806272938
 1051432.02030655532
 1079472.49093878083
 1047933.87408433377
 1079472.49094018736
 1051432.02031406201
 1075748.45705135982
 1033387.88806272938
 1051432.02031520358
 1079472.49093584646
 1047933.87408345193
 1079472.49093650328
 1051432.02031520382
 1075748.45705364575
 1033387.88806151517
 1051432.02031406201
 1079472.49094018713
 1047933.87408777582
 1079472.49093878083
 1051432.02030655555
 1075748.45705201523
 1079472.49093799316
 1079472.49093200895
 1033387.88806387468
 1075748.45705197938
 1033387.88806062913
 1079472.49092762196
 1047933.87408738059
 1047933.87409054278
 1079472.49093926721
 1075748.45705436799
 1033387.88806193415
 1079472.49093939597
 1047933.87408466986
 1079472.49093567859
 1075748.45705399406
 1033387.88806455419
 1051432.02032106975
 1079472.49093707860
 1047933.87407986133
 1079472.49093610724
 1051432.02031273581
 1075748.45704408851
 1033387.88805913005
 1051432.02031747554
 1079472.49093972752
 1047933.87408673775
 1079472.49093743600
 1051432.02031071158
 1075748.45705699455
 1079472.49092971394
 1079472.49093148531
 1033387.88806458085
 1075748.45705441013
 1033387.88805718964
 1079472.49093070719
 1047933.87408032839
 1047933.87408586661
 1079472.49094303604
 1075748.45705565298
 1033387.88806279155
 1079472.49094144884
 1047933.87408684753
 1079472.49093876546
 1075748.45705253421
 1033387.88806187513
 1051432.02031912911
 1079472.49093834660
 1047933.87408421084
 1079472.49093694706
 1051432.02032193379
 1075748.45705287927
 1033387.88805977954
 1051432.02030761004
 1079472.49093646579
 1047933.87408828409
 1079472.49093582155
 1051432.02030428825
 1075748.45705112536
 1079472.49094013800
 1079472.49093031068
 1033387.88806458085
 1075748.45705112536
 1033387.88805977930
 1079472.49093031045
 1047933.87408032804
 1047933.87408828398
 1079472.49094013777
 1075748.45705287950
 1033387.88806187501
 1079472.49093582202
 1047933.87408421095
 1079472.49093646579
 1075748.45705253421
 1033387.88806279143
 1051432.02032193402
 1079472.49093694706
 1047933.87408684788
 1079472.49093834660
 1051432.02031912911
 1075748.45705565321
 1033387.88805718976
 1051432.02031747554
 1079472.49093876546
 1047933.87408586661
 1079472.49094144907
 1051432.02031071158
 1075748.45705441036
 1079472.49094303627
 1079472.49093070743
 1033387.88806387444
 1075748.45705699432
 1033387.88805913005
 1079472.49093148578
 1047933.87408738094
 1047933.87408673787
 1079472.49092971417
 1075748.45704408851
 1033387.88806455419
 1079472.49093743553
 1047933.87407986133
 1079472.49093972798
 1075748.45705399429
 1033387.88806193392
 1051432.02031273628
 1079472.49093610724
 1047933.87408466975
 1079472.49093707837
 1051432.02032106929
 1075748.45705436799
 1033387.88806062925
 1079472.49093567883
 1047933.87409054232
 1079472.49093939574
 1075748.45705197938
 1079472.49093926721
 1079472.49092762172
 1033387.88810393424
 1075748.45703975111
 1033387.88810865034
 1079472.49093881366
 1047933.87407794304
 1047933.87408826756
 1079472.49093827838
 1075748.45703920722
 1033387.88810712774
 1079472.49093168601
 1047933.87408850575
 1079472.49093558313
 1075748.45704050059
 1033387.88810712774
 1079472.49093553820
 1047933.87408850575
 1079472.49093553796
 1075748.45703920745
 1033387.88810865034
 1079472.49093558290
 1047933.87408826756
 1079472.49093168601
 1075748.45703975111
 1079472.49093827861
 1079472.49093881389
