 4136021.65198699571
 4136021.65199610638
 4136021.65199975576
 4136021.65199975716
 4136021.65199610591
 4136021.65198372398
 4136021.65200934513
 4136021.65199601557
 4136021.65199601604
 4136021.65200934559
 4136021.65199601604
 4136021.65200934699
 4136021.65198372817
 4136021.65200934606
 4136021.65199601697
 4136021.65199975390
 4136021.65199610777
 4136021.65198699757
 4136021.65199610731
 4136021.65199975390
 3899681.71575699328
 3899681.71565614408
 3899681.71566529945
 3899681.71564607043
 3899681.71566529898
 3899681.71565614408
 3899681.71564607415
 3899681.71566529898
 3899681.71565614268
 3899681.71565614268
 3899681.71566529851
 3899681.71575699281
 4209702.29948295467
 4265524.01048415527
 4209702.29947495367
 4265524.01048276667
 4209702.29948923923
 4265524.01047597919
 4209702.29948924109
 4265524.01048276667
 4209702.29947495367
 4265524.01048415527
 4209702.29944401514
 4265524.01047393214
 4209702.29946172889
 4265524.01048845891
 4209702.29944808222
 4209702.29945310391
 4265524.01046368759
 4209702.29946828540
 4265524.01047145948
 4209702.29944345634
 4265524.01047393028
 4209702.29946882743
 4265524.01048398670
 4209702.29945090227
 4209702.29943806119
 4209702.29944630433
 4265524.01045294944
 4209702.29943300132
 4265524.01047146041
 4209702.29946424160
 4265524.01048398670
 4209702.29944726638
 4209702.29944726545
 4209702.29946424160
 4265524.01047146041
 4209702.29944345634
 4265524.01045294944
 4209702.29944630433
 4265524.01048845798
 4209702.29943806119
 4209702.29945090227
 4209702.29946882837
 4265524.01047392935
 4209702.29944401793
 4265524.01047145948
 4209702.29946828354
 4209702.29945310391
 4209702.29944808129
 4209702.29946172982
 4265524.01047393214
 4209702.29943300132
 4209702.29946423974
 4265524.01048398763
 4209702.29944726638
 4265524.01047597919
 4209702.29944726545
 4265524.01048398670
 4209702.29946423974
 4209702.29944345541
 4209702.29946882743
 4209702.29945090413
 4265524.01048276853
 4209702.29943806119
 4265524.01048845798
 4209702.29944630433
 4209702.29944401886
 4209702.29946172889
 4209702.29944808222
 4265524.01048415434
 4209702.29945310205
 4265524.01046369411
 4209702.29946828261
 4209702.29944401700
 4209702.29946828354
 4209702.29945310298
 4265524.01048415434
 4209702.29944808129
 4265524.01048845891
 4209702.29946172889
 4209702.29944345728
 4209702.29944630433
 4209702.29943806026
 4265524.01048276760
 4209702.29945090413
 4209702.29946882837
 4209702.29948295839
 4209702.29947495367
 4209702.29948923923
 4209702.29948923923
 4209702.29947495461
