 259737.588934206229
 259737.588937455235
 259737.588938265457
 259737.588938265457
 259737.588937455235
 259737.588935202977
 259737.588940161513
 259737.588938878413
 259737.588938878500
 259737.588940161571
 259737.588938878762
 259737.588940161542
 259737.588935204927
 259737.588940161571
 259737.588938878791
 259737.588938265370
 259737.588937455206
 259737.588934206724
 259737.588937455206
 259737.588938265457
 245032.162506934052
 245032.162325538869
 245032.162325911311
 245032.162325065088
 245032.162325911282
 245032.162325538811
 245032.162325064244
 245032.162325911311
 245032.162325538782
 245032.162325538811
 245032.162325911282
 245032.162506934081
 264401.001077402267
 267893.049251541437
 264401.001083504001
 267893.049251805991
 264401.001082486415
 267893.049245908565
 264401.001082486415
 267893.049251805991
 264401.001083504059
 267893.049251541495
 264401.001089165453
 267893.049245212867
 264401.001086612756
 267893.049249754869
 264401.001085525320
 264401.001085772528
 267893.049244692258
 264401.001087965618
 267893.049245059083
 264401.001088459278
 267893.049245213217
 264401.001086482080
 267893.049247826741
 264401.001086904667
 264401.001081700088
 264401.001083064417
 267893.049243489106
 264401.001084155636
 267893.049245058734
 264401.001086581673
 267893.049247826741
 264401.001084890449
 264401.001084890508
 264401.001086581615
 267893.049245058734
 264401.001088459278
 267893.049243489106
 264401.001083064417
 267893.049249754753
 264401.001081700088
 264401.001085946918
 264401.001086482138
 267893.049245213217
 264401.001089165395
 267893.049245059141
 264401.001087965677
 264401.001085772587
 264401.001085525320
 264401.001086612756
 267893.049245212926
 264401.001084154879
 264401.001086581848
 267893.049247826915
 264401.001084890973
 267893.049245908274
 264401.001084890973
 267893.049247826915
 264401.001086581964
 264401.001088459278
 264401.001086482254
 264401.001085946744
 267893.049251805991
 264401.001081700088
 267893.049249754869
 264401.001083064417
 264401.001089166268
 264401.001086612872
 264401.001085525146
 267893.049251541670
 264401.001085772121
 267893.049244693189
 264401.001087965618
 264401.001089166268
 264401.001087965560
 264401.001085772004
 267893.049251541670
 264401.001085525146
 267893.049249754753
 264401.001086612872
 264401.001088459219
 264401.001083064417
 264401.001081700088
 267893.049251805991
 264401.001086904434
 264401.001086482313
 264401.001077402907
 264401.001083504118
 264401.001082486473
 264401.001082486473
 264401.001083504176
 258603.332489544642
 269207.079842488980
 258603.332493906491
 263109.468001852452
 270135.436417238205
 262234.679847130436
 262234.679849377659
 270135.436415657867
 263109.468002837501
 269207.079841106141
 258603.332492919115
 263109.467999471817
 270135.436413801799
 262234.679849450185
 270135.436415941920
 263109.468003229995
 269207.079838617239
 258603.332492919115
 263109.468000547437
 270135.436416025041
 262234.679849450185
 270135.436416025099
 263109.468000547437
 269207.079841106082
 258603.332493906433
 263109.468003230053
 270135.436415941862
 262234.679849377659
 270135.436413801741
 263109.467999471817
 269207.079842488980
 263109.468002837501
 270135.436415657809
 270135.436417238205
 263109.468001852452
 258603.332480408833
 269207.079840495600
 258603.332482660422
 263109.468002452690
 270135.436414949538
 262234.679851381690
 262234.679855745635
 270135.436412748648
 263109.468001734233
 269207.079840083374
 258603.332481773279
 263109.467998225882
 270135.436412292416
 262234.679852621048
 270135.436418720114
 263109.468000978231
 269207.079840156366
 258603.332480539480
 270135.436416781973
 262234.679853065289
 270135.436418053636
 269207.079843649059
 258603.332480101555
 263109.467998094915
 270135.436415919685
 262234.679851868830
 270135.436413320946
 263109.467995523242
 269207.079840550607
 263109.468002076028
 270135.436414354248
 270135.436414314026
 263109.468001168454
 258603.332480595622
 269207.079841030238
 258603.332481363730
 263109.468001735164
 270135.436413175077
 262234.679849488777
 262234.679852871574
 270135.436413908319
 263109.468002453272
 269207.079843114130
 258603.332481691730
 263109.467999148765
 270135.436413880263
 262234.679853800277
 270135.436416521377
 263109.468002895010
 269207.079842204228
 258603.332482163940
 270135.436417653516
 262234.679854899005
 270135.436417195131
 269207.079839047510
 258603.332480773242
 270135.436414011579
 262234.679853195499
 270135.436414536089
 269207.079840441525
 263109.468004283903
 270135.436410732800
 270135.436415680975
 263109.468004283903
 258603.332475636096
 269207.079841764644
 258603.332481289486
 263109.468002075853
 270135.436415558914
 262234.679847610358
 262234.679853593640
 270135.436413081072
 263109.468001168163
 269207.079842705221
 258603.332480565266
 263109.467999148881
 270135.436416522600
 262234.679854385613
 270135.436416154786
 263109.468002895010
 269207.079838369798
 258603.332480565237
 270135.436417620396
 262234.679854385613
 270135.436417620396
 269207.079841533559
 258603.332481289486
 270135.436416154727
 262234.679853593640
 270135.436416522600
 269207.079841764586
 263109.468001168105
 270135.436413081130
 270135.436415558914
 263109.468002075911
 258603.332480595709
 269207.079840441525
 258603.332480773242
 263109.468004283844
 270135.436415680975
 262234.679849488719
 262234.679853195499
 270135.436410732800
 263109.468004283844
 269207.079839047394
 258603.332482163969
 263109.467998225882
 270135.436414536089
 262234.679854899063
 270135.436414011638
 263109.468000978290
 269207.079842204112
 258603.332481691759
 270135.436417195131
 262234.679853800335
 270135.436417653516
 269207.079843114072
 258603.332481363701
 270135.436416521377
 262234.679852871574
 270135.436413880263
 269207.079841030238
 263109.468002453272
 270135.436413908377
 270135.436413175135
 263109.468001735164
 258603.332480408862
 269207.079840550607
 258603.332480101584
 263109.468001168454
 270135.436414314085
 262234.679851381748
 262234.679851868714
 270135.436414354190
 263109.468002076028
 269207.079843649117
 258603.332480539510
 270135.436413320946
 262234.679853065289
 270135.436415919685
 269207.079840156366
 258603.332481773337
 270135.436418053578
 262234.679852621048
 270135.436416781973
 269207.079840083374
 258603.332482660451
 270135.436418720114
 262234.679855745693
 270135.436412292358
 269207.079840495600
 263109.468001734233
 270135.436412748648
 270135.436414949538
 263109.468002452631
 258603.332475635805
 269207.079841764411
 258603.332481289341
 270135.436415559729
 262234.679847610591
 262234.679853593640
 270135.436413080723
 269207.079841533676
 258603.332480565557
 263109.467999149172
 270135.436416522774
 262234.679854385613
 270135.436416155077
 263109.468002895184
 269207.079838368983
 258603.332480565616
 263109.468000547262
 270135.436417620222
 262234.679854385613
 270135.436417620163
 263109.468000547204
 269207.079841533676
 258603.332481289312
 263109.468002895126
 270135.436416155135
 262234.679853593581
 270135.436416522833
 263109.467999149230
 269207.079841764411
 270135.436413080664
 270135.436415559729
 258603.332480595622
 269207.079841029772
 258603.332481364341
 270135.436413175717
 262234.679849488719
 262234.679852871748
 270135.436413908377
 269207.079843114538
 258603.332481691876
 270135.436413880379
 262234.679853800102
 270135.436416521377
 269207.079842204170
 258603.332482163940
 263109.468003229995
 270135.436417653342
 262234.679854899005
 270135.436417195131
 263109.467999471817
 269207.079839047510
 258603.332480773242
 263109.468000978231
 270135.436414011579
 262234.679853195441
 270135.436414536030
 263109.467998225882
 269207.079840441525
 270135.436410732800
 270135.436415680917
 258603.332480408659
 269207.079840494960
 258603.332482660626
 270135.436414949771
 262234.679851381225
 262234.679855746159
 270135.436412748299
 269207.079840083490
 258603.332481773687
 270135.436412292358
 262234.679852620873
 270135.436418720637
 269207.079840156250
 258603.332480539451
 263109.468002837384
 270135.436416781682
 262234.679853064707
 270135.436418053752
 263109.468001852394
 269207.079843648651
 258603.332480101148
 263109.467998095788
 270135.436415919859
 262234.679851868132
 270135.436413206102
 263109.467995523941
 269207.079840550956
 270135.436414353491
 270135.436414313735
 258603.332480408688
 269207.079840550956
 258603.332480101060
 270135.436414313735
 262234.679851381283
 262234.679851868132
 270135.436414353549
 269207.079843648651
 258603.332480539422
 270135.436413206102
 262234.679853064707
 270135.436415919976
 269207.079840156250
 258603.332481773687
 263109.468001852394
 270135.436418053810
 262234.679852620873
 270135.436416781682
 263109.468002837268
 269207.079840083607
 258603.332482660509
 263109.468000978290
 270135.436418720637
 262234.679855746217
 270135.436412292300
 263109.467998225882
 269207.079840494960
 270135.436412748357
 270135.436414949771
 258603.332480595680
 269207.079840441525
 258603.332480773242
 270135.436415680975
 262234.679849488777
 262234.679853195499
 270135.436410732800
 269207.079839047394
 258603.332482163998
 270135.436414536089
 262234.679854899005
 270135.436414011579
 269207.079842204112
 258603.332481691876
 263109.467999471817
 270135.436417195131
 262234.679853800160
 270135.436417653342
 263109.468003229995
 269207.079843114538
 258603.332481364312
 270135.436416521377
 262234.679852871748
 270135.436413880496
 269207.079841029714
 270135.436413908377
 270135.436413175717
 258603.332489544817
 269207.079842488922
 258603.332493906462
 270135.436417238088
 262234.679847131309
 262234.679849377659
 270135.436415657518
 269207.079841105966
 258603.332492919202
 270135.436413801741
 262234.679849450011
 270135.436415941687
 269207.079838616832
 258603.332492919231
 270135.436416025041
 262234.679849450069
 270135.436416025099
 269207.079841105966
 258603.332493906375
 270135.436415941687
 262234.679849377659
 270135.436413801741
 269207.079842488980
 270135.436415657518
 270135.436417238147
 257108.536708713509
 259787.557686450746
 257108.536708608706
 267979.190183178405
 260092.282555570564
 258320.870317140594
 258320.870322578936
 260092.282552088815
 267979.190180341189
 261818.963965103467
 263659.552339788061
 261600.466197894595
 269105.647759449843
 263747.200469126052
 262168.677163794811
 261066.589110598405
 263525.358148837578
 269129.808163463604
 261600.466200064024
 263659.552339793008
 261818.963965999952
 269129.808163509646
 263525.358151107386
 261066.589115553128
 262168.677163903078
 263747.200466990005
 269105.647761297703
 278965.925494480121
 279200.139216936601
 279200.139218113152
 259787.557684832514
 257108.536710735410
 267979.190179528028
 260092.282552012795
 258320.870322165574
 260092.282553602825
 267979.190182941500
 261818.963966287090
 263659.552341370319
 269105.647760094376
 263747.200465333299
 262168.677162535430
 263525.358150650456
 269129.808160308865
 261600.466200805095
 263659.552341070143
 261818.963965891191
 269129.808163787471
 263525.358149481530
 261066.589116611896
 262168.677163220360
 263747.200468572672
 269105.647758708743
 278965.925493912189
 279200.139216754236
 279200.139216753654
 259787.557684274187
 257108.536710735469
 267979.190181870305
 260092.282553258177
 258320.870322165603
 260092.282553258177
 267979.190181870363
 261818.963966477051
 263659.552340894239
 269105.647757997387
 263747.200469003466
 262168.677165350644
 263525.358149447187
 269129.808164108370
 261600.466200805065
 263659.552340894239
 261818.963966477051
 269129.808164108370
 263525.358149447187
 261066.589116611925
 262168.677165350644
 263747.200469003466
 269105.647757997620
 278965.925492331968
 279200.139214899216
 279200.139214898518
 259787.557684832544
 257108.536708608648
 267979.190182941500
 260092.282553602825
 258320.870322578907
 260092.282552012737
 267979.190179527970
 261818.963965891220
 263659.552341070143
 269105.647758708743
 263747.200468572672
 262168.677163220302
 263525.358149481530
 269129.808163787529
 261600.466200063995
 263659.552341370319
 261818.963966287061
 269129.808160308807
 263525.358150650456
 261066.589115553012
 262168.677162535605
 263747.200465333241
 269105.647760094434
 278965.925493912189
 279200.139216753654
 279200.139216754236
 259787.557686450717
 267979.190180341189
 260092.282552088815
 260092.282555570564
 267979.190183178289
 261818.963965999981
 263659.552339792950
 269105.647761297645
 263747.200466990005
 262168.677163903078
 263525.358151107444
 269129.808163509704
 263659.552339788061
 261818.963965103467
 269129.808163463604
 263525.358148837462
 262168.677163794811
 263747.200469126052
 269105.647759449843
 278965.925494480121
 279200.139218113152
 279200.139216936601
 257108.536734290246
 259787.557680988539
 257108.536732132779
 267979.190180211503
 260092.282554316102
 258320.870322236966
 258320.870319379494
 260092.282554652949
 267979.190182038175
 261818.963966915704
 263659.552341407514
 261600.466196231951
 269105.647755966580
 263747.200465407106
 262168.677159643383
 261066.589108920860
 263525.358147042047
 269129.808161377790
 261600.466194818524
 263659.552340297960
 261818.963966840267
 269129.808162271685
 263525.358151198539
 261066.589106276311
 262168.677160115098
 263747.200470038166
 269105.647760202468
 278965.925493513525
 279200.139223670703
 279200.139219515957
 259787.557681263919
 257108.536732565321
 267979.190179334895
 260092.282554097852
 258320.870321811206
 260092.282556056191
 267979.190180853824
 261818.963966386538
 263659.552338085545
 269105.647760767548
 263747.200472722703
 262168.677160844964
 263525.358155061898
 269129.808161084773
 261600.466199003538
 263659.552342057461
 261818.963963312301
 269129.808161239140
 263525.358148935658
 261066.589110796864
 262168.677160558233
 263747.200467484770
 269105.647757036611
 278965.925490893947
 279200.139221738034
 279200.139223135542
 259787.557681411563
 257108.536732749868
 267979.190179307887
 260092.282553937490
 258320.870321757975
 260092.282554287114
 267979.190179457364
 263659.552342004143
 269105.647758460604
 263747.200465928880
 263525.358152121422
 269129.808161767956
 261600.466197911650
 263659.552342534764
 269129.808160996181
 263525.358152289293
 261066.589110165864
 263747.200468056079
 269105.647758058680
 278965.925493201357
 279200.139221961843
 279200.139221319114
 259787.557680540282
 257108.536733922316
 267979.190182970604
 260092.282554995996
 258320.870320629649
 260092.282553794736
 267979.190181324724
 261818.963960842841
 263659.552342045004
 269105.647758682724
 263747.200467999268
 262168.677158096223
 263525.358149226231
 269129.808161448978
 261600.466195657733
 263659.552341370494
 261818.963963092363
 269129.808160787972
 263525.358152756118
 261066.589108367916
 262168.677159335522
 263747.200469956268
 269105.647759177897
 278965.925491078699
 279200.139221684833
 279200.139220857352
 259787.557680988190
 267979.190181291138
 260092.282553607045
 260092.282554352569
 267979.190181279497
 261818.963965816307
 263659.552341754199
 269105.647761003347
 263747.200469783624
 262168.677161287458
 263525.358152400586
 269129.808162618778
 263659.552342330921
 261818.963965867879
 269129.808162034024
 263525.358147581108
 262168.677160124702
 263747.200466085284
 269105.647756684572
 278965.925492605078
 279200.139218931959
 279200.139221447054
 257108.536734757072
 259787.557680045022
 257108.536733781220
 267979.190181126702
 260092.282554218400
 258320.870320279326
 258320.870319709560
 260092.282554431644
 267979.190182667284
 261818.963966839889
 263659.552342522482
 261600.466197315487
 269105.647757601633
 263747.200464540278
 262168.677160114283
 261066.589107834094
 263525.358149070642
 269129.808162583387
 261600.466196133726
 263659.552339581889
 261818.963966915588
 269129.808162017085
 263525.358153064619
 261066.589108959859
 262168.677159643499
 263747.200470038108
 269105.647759744897
 278965.925493532210
 279200.139221279067
 279200.139220566198
 259787.557679453457
 257108.536734226742
 267979.190178689547
 260092.282554289530
 258320.870319924812
 260092.282554440171
 267979.190182820545
 261818.963963887887
 263659.552342313109
 269105.647761399334
 263747.200472096272
 262168.677160587453
 263525.358152412635
 269129.808161047287
 261600.466198628477
 263659.552340111288
 261818.963966085401
 269129.808162530651
 263525.358149563079
 261066.589110783389
 262168.677160366671
 263747.200468176918
 269105.647757878643
 278965.925491906703
 279200.139220056299
 279200.139220568817
 259787.557680141297
 257108.536732493259
 267979.190177987562
 260092.282555129321
 258320.870319198701
 260092.282554637961
 267979.190178335120
 263659.552341132483
 269105.647757484054
 263747.200467281684
 263525.358152022294
 269129.808160075860
 261600.466198473354
 263659.552340206865
 269129.808160840999
 263525.358148464875
 261066.589109187596
 263747.200466302107
 269105.647758167644
 278965.925494377268
 279200.139221710095
 279200.139221481921
 259787.557680451282
 257108.536734213209
 267979.190181740618
 260092.282555715530
 258320.870319357142
 260092.282554405305
 267979.190177227778
 263659.552341114148
 269105.647760767839
 263747.200469505915
 263525.358148189785
 269129.808161954279
 261600.466195378394
 263659.552341111470
 269129.808160356479
 263525.358151720255
 261066.589109795983
 263747.200472260301
 269105.647758795414
 278965.925492757757
 279200.139220351411
 279200.139217998832
 259787.557680099853
 267979.190182147373
 260092.282554414676
 260092.282555084064
 267979.190180918027
 261818.963965214643
 263659.552341827715
 269105.647756772989
 263747.200468030234
 262168.677159768646
 263525.358151605178
 269129.808157637599
 263659.552341400704
 261818.963965214672
 269129.808162350615
 263525.358147990017
 262168.677159768646
 263747.200466326787
 269105.647754220758
 278965.925492034352
 279200.139220779180
 279200.139221735182
 257108.536731535423
 259787.557679684571
 257108.536732224107
 267979.190182190912
 260092.282556283724
 258320.870315544686
 258320.870320499089
 260092.282554048114
 267979.190181362967
 261818.963965816452
 263659.552340994473
 261600.466193201893
 269105.647755837941
 263747.200465919741
 262168.677161287575
 261066.589103039092
 263525.358147887688
 269129.808161322668
 261600.466195910791
 263659.552340698137
 261818.963965867471
 269129.808163020702
 263525.358151977300
 261066.589108205138
 262168.677160124120
 263747.200469727861
 269105.647760450200
 278965.925493562478
 279200.139220431505
 279200.139220947283
 259787.557680416241
 257108.536731369590
 267979.190178197459
 260092.282553663506
 258320.870321379451
 260092.282555450045
 267979.190181543643
 261818.963963887829
 263659.552341748029
 269105.647759515210
 263747.200469828036
 262168.677160587395
 263525.358152696281
 269129.808162724483
 261600.466197912698
 263659.552340024966
 261818.963966085430
 269129.808161614754
 263525.358149269770
 261066.589110849047
 262168.677160366846
 263747.200469087693
 269105.647760336054
 278965.925493165676
 279200.139221681398
 279200.139219630626
 259787.557678071724
 257108.536731368280
 267979.190178362187
 260092.282552928664
 258320.870321379509
 260092.282552928285
 267979.190178362187
 263659.552340973809
 269105.647755599581
 263747.200468193041
 263525.358151726890
 269129.808161774010
 261600.466197912698
 263659.552340973809
 269129.808161774010
 263525.358151727007
 261066.589110849018
 263747.200468193041
 269105.647755599639
 278965.925491011352
 279200.139219356701
 279200.139219357865
 259787.557680416241
 257108.536732223991
 267979.190180877224
 260092.282557288156
 258320.870320499176
 260092.282553663477
 267979.190178197459
 263659.552340025024
 269105.647760335938
 263747.200469087751
 263525.358149269712
 269129.808161614696
 261600.466195910849
 263659.552341747971
 269129.808162724541
 263525.358152696339
 261066.589108205109
 263747.200469827978
 269105.647759515152
 278965.925493165676
 279200.139219630684
 279200.139221681398
 259787.557679684629
 267979.190181362967
 260092.282554048143
 260092.282556283695
 267979.190182190971
 261818.963965867413
 263659.552340698254
 269105.647760450258
 263747.200469727861
 262168.677160124178
 263525.358151977242
 269129.808163020643
 263659.552340994414
 261818.963965816482
 269129.808161322668
 263525.358147887746
 262168.677161287575
 263747.200465919741
 269105.647755838057
 278965.925493562419
 279200.139220947283
 279200.139220431563
 257108.536734757101
 259787.557680099795
 257108.536734213179
 267979.190180918027
 260092.282555083977
 258320.870320279297
 258320.870319357142
 260092.282554414676
 267979.190182147373
 261818.963965214614
 263659.552341400529
 261600.466197315487
 269105.647754220758
 263747.200466326729
 262168.677159768704
 261066.589107834036
 263525.358147990017
 269129.808162350499
 261600.466195378394
 263659.552341827657
 261818.963965214614
 269129.808157637657
 263525.358151605178
 261066.589109796012
 262168.677159768646
 263747.200468030293
 269105.647756772989
 278965.925492034236
 279200.139221735066
 279200.139220779238
 259787.557680451398
 257108.536732493201
 267979.190177227836
 260092.282554405363
 258320.870319198701
 260092.282555715559
 267979.190181740618
 261818.963966386509
 263659.552341111470
 269105.647758795414
 263747.200472260301
 262168.677160844964
 263525.358151720255
 269129.808160356479
 261600.466198473325
 263659.552341114148
 261818.963963312301
 269129.808161954279
 263525.358148189727
 261066.589109187626
 262168.677160558291
 263747.200469506031
 269105.647760767839
 278965.925492757815
 279200.139217998832
 279200.139220351411
 259787.557680141297
 257108.536734226713
 267979.190178335120
 260092.282554637932
 258320.870319924841
 260092.282555129292
 267979.190177987504
 263659.552340206865
 269105.647758167644
 263747.200466302165
 263525.358148464875
 269129.808160840999
 261600.466198628448
 263659.552341132599
 269129.808160075860
 263525.358152022236
 261066.589110783389
 263747.200467281684
 269105.647757483996
 278965.925494377210
 279200.139221481979
 279200.139221710095
 259787.557679453312
 257108.536733781133
 267979.190182256920
 260092.282554440200
 258320.870319709560
 260092.282554289559
 267979.190178689605
 263659.552340111346
 269105.647757878643
 263747.200468176918
 263525.358149562904
 269129.808164052025
 261600.466196133784
 263659.552342313109
 269129.808161047287
 263525.358152412577
 261066.589108959859
 263747.200472096330
 269105.647761399276
 278965.925491906819
 279200.139220568759
 279200.139220056299
 259787.557680045022
 267979.190182667342
 260092.282554431702
 260092.282554218458
 267979.190181126643
 261818.963966915675
 263659.552339581831
 269105.647759744956
 263747.200470038166
 262168.677159643441
 263525.358153064619
 269129.808162017085
 263659.552342522424
 261818.963966839947
 269129.808162583387
 263525.358149070642
 262168.677160114341
 263747.200464540278
 269105.647757601691
 278965.925493532151
 279200.139220566140
 279200.139221279067
 257108.536734290275
 259787.557680988248
 257108.536733922228
 267979.190181279439
 260092.282554352452
 258320.870322236995
 258320.870320629620
 260092.282553607074
 267979.190181291138
 261818.963965867850
 263659.552342330979
 261600.466196231864
 269105.647756684455
 263747.200466085400
 262168.677160124702
 261066.589108920831
 263525.358147581166
 269129.808162034024
 261600.466195657733
 263659.552341754199
 261818.963965816307
 269129.808162618720
 263525.358152400644
 261066.589108367945
 262168.677161287400
 263747.200469783624
 269105.647761003405
 278965.925492605078
 279200.139221447113
 279200.139218931959
 259787.557680540282
 257108.536732749810
 267979.190181324608
 260092.282553794736
 258320.870321757975
 260092.282554996025
 267979.190182970604
 263659.552341370552
 269105.647759177897
 263747.200469956326
 263525.358152756176
 269129.808160787972
 261600.466197911708
 263659.552342045004
 269129.808161449037
 263525.358149226173
 261066.589110165864
 263747.200467999210
 269105.647758682782
 278965.925491078699
 279200.139220857294
 279200.139221684833
 259787.557681411534
 257108.536732565291
 267979.190179457364
 260092.282554287085
 258320.870321811206
 260092.282553937461
 267979.190179307887
 263659.552342534647
 269105.647758058680
 263747.200468056079
 263525.358152289351
 269129.808160996181
 261600.466199003538
 263659.552342004201
 269129.808161767956
 263525.358152121422
 261066.589110796864
 263747.200465928880
 269105.647758460604
 278965.925493201357
 279200.139221319114
 279200.139221961843
 259787.557681263948
 257108.536732132750
 267979.190180853882
 260092.282556056132
 258320.870319379464
 260092.282554097881
 267979.190179334895
 263659.552342057345
 269105.647757036553
 263747.200467484770
 263525.358148935600
 269129.808161239140
 261600.466194818582
 263659.552338085603
 269129.808161084657
 263525.358155061956
 261066.589106276253
 263747.200472722761
 269105.647760767548
 278965.925490893947
 279200.139223135484
 279200.139221738034
 259787.557680988510
 267979.190182038175
 260092.282554652920
 260092.282554316102
 267979.190180211619
 261818.963966840354
 263659.552340298018
 269105.647760202526
 263747.200470038166
 262168.677160115039
 263525.358151198423
 269129.808162271685
 263659.552341407514
 261818.963966915646
 269129.808161377849
 263525.358147042047
 262168.677159643325
 263747.200465407048
 269105.647755966464
 278965.925493513525
 279200.139219516015
 279200.139223670645
 257108.536731535365
 259787.557679684454
 257108.536732224893
 267979.190182191262
 260092.282556283812
 258320.870315544016
 258320.870320498856
 260092.282554048201
 267979.190181362443
 263659.552340994356
 261600.466193200933
 269105.647755837592
 263747.200465919392
 261066.589103038132
 263525.358147887688
 269129.808161322551
 261600.466195911460
 263659.552340698254
 269129.808163020760
 263525.358151977416
 261066.589108205080
 263747.200469727919
 269105.647760449501
 278965.925493562885
 279200.139220431098
 279200.139220946934
 259787.557680416008
 257108.536731368513
 267979.190178196877
 260092.282553663361
 258320.870321379858
 260092.282557288272
 267979.190180876874
 261818.963963887567
 263659.552341747738
 269105.647759515035
 263747.200469827978
 262168.677160587511
 263525.358152696979
 269129.808162724716
 261600.466197912843
 263659.552340025082
 261818.963966084964
 269129.808161614346
 263525.358149269305
 261066.589110849221
 262168.677160366846
 263747.200469087809
 269105.647760335589
 278965.925493166549
 279200.139221680874
 279200.139219630626
 259787.557678070792
 257108.536731368455
 267979.190178362129
 260092.282552928198
 258320.870321379887
 260092.282552928198
 267979.190178362129
 261818.963966477051
 263659.552340973518
 269105.647755599348
 263747.200468193623
 262168.677165350702
 263525.358151727240
 269129.808161773894
 261600.466197912843
 263659.552340973518
 261818.963966477022
 269129.808161773952
 263525.358151727298
 261066.589110849251
 262168.677165350702
 263747.200468193623
 269105.647755599231
 278965.925491010654
 279200.139219356526
 279200.139219356526
 259787.557680416008
 257108.536732224893
 267979.190180876933
 260092.282557288214
 258320.870320498856
 260092.282553663332
 267979.190178196877
 261818.963966084993
 263659.552340025024
 269105.647760335647
 263747.200469087809
 262168.677160366846
 263525.358149269363
 269129.808161614405
 261600.466195911431
 263659.552341747738
 261818.963963887625
 269129.808162724657
 263525.358152697037
 261066.589108205080
 262168.677160587569
 263747.200469827978
 269105.647759515094
 278965.925493166549
 279200.139219630626
 279200.139221680816
 259787.557679684454
 267979.190181362501
 260092.282554048201
 260092.282556283753
 267979.190182191203
 263659.552340698254
 269105.647760449559
 263747.200469727919
 263525.358151977358
 269129.808163020760
 263659.552340994298
 269129.808161322610
 263525.358147887688
 263747.200465919508
 269105.647755837475
 278965.925493562827
 279200.139220947050
 279200.139220431040
 257108.536734757101
 259787.557680044556
 257108.536733780580
 267979.190181127051
 260092.282554218400
 258320.870320279326
 258320.870319709240
 260092.282554431324
 267979.190182668273
 263659.552342522482
 261600.466197315516
 269105.647757601691
 263747.200464540452
 261066.589107834065
 263525.358149070293
 269129.808162582980
 261600.466196133260
 263659.552339581656
 269129.808162016736
 263525.358153064502
 261066.589108959859
 263747.200470038049
 269105.647759744897
 278965.925493532908
 279200.139221279125
 279200.139220565849
 259787.557679453457
 257108.536734226742
 267979.190178689489
 260092.282554289675
 258320.870319925045
 260092.282554440200
 267979.190182256629
 263659.552342313342
 269105.647761398985
 263747.200472096039
 263525.358152412635
 269129.808161047229
 261600.466198628652
 263659.552340111579
 269129.808164051909
 263525.358149562613
 261066.589110783447
 263747.200468176976
 269105.647757878760
 278965.925491906353
 279200.139220056066
 279200.139220568642
 259787.557680141297
 257108.536732493230
 267979.190177987679
 260092.282555129525
 258320.870319198730
 260092.282554637961
 267979.190178335120
 261818.963965891075
 263659.552341133181
 269105.647757484403
 263747.200467281044
 262168.677163220127
 263525.358152022294
 269129.808160075743
 261600.466198473383
 263659.552340206865
 261818.963966287090
 269129.808160840999
 263525.358148464933
 261066.589109187567
 262168.677162535489
 263747.200466302165
 269105.647758167586
 278965.925494377210
 279200.139221710095
 279200.139221482212
 259787.557680451311
 257108.536734213179
 267979.190181740618
 260092.282555715559
 258320.870319357113
 260092.282554405305
 267979.190177227778
 261818.963963312301
 263659.552341114206
 269105.647760767839
 263747.200469505973
 262168.677160558291
 263525.358148189785
 269129.808161954279
 261600.466195378423
 263659.552341111528
 261818.963966386567
 269129.808159254433
 263525.358153573936
 261066.589109044318
 262168.677160845022
 263747.200472260360
 269105.647758795356
 278965.925492757757
 279200.139220351353
 279200.139217998832
 259787.557680099853
 267979.190182147373
 260092.282554414676
 260092.282555084064
 267979.190180918085
 263659.552341827715
 269105.647756772989
 263747.200468030293
 263525.358151605236
 269129.808157637599
 263659.552341400704
 269129.808162350615
 263525.358147990017
 263747.200466326787
 269105.647754220758
 278965.925492034352
 279200.139220779238
 279200.139221735124
 257108.536734289868
 259787.557680989237
 257108.536732132226
 267979.190180211561
 260092.282554316043
 258320.870322237315
 258320.870319379086
 260092.282554652484
 267979.190182038466
 263659.552341407689
 261600.466196231951
 269105.647755966580
 263747.200465406990
 261066.589108920394
 263525.358147042571
 269129.808161377558
 261600.466194818553
 263659.552340298658
 269129.808162271802
 263525.358151197725
 261066.589106276137
 263747.200470037409
 269105.647760203108
 278965.925493512943
 279200.139223671227
 279200.139219516714
 259787.557681264618
 257108.536732564593
 267979.190179334953
 260092.282554097503
 258320.870321811148
 260092.282556055376
 267979.190180853824
 263659.552338085545
 269105.647760767548
 263747.200472723111
 263525.358155061782
 269129.808161085064
 261600.466199003829
 263659.552342057519
 269129.808161239082
 263525.358148935367
 261066.589110797242
 263747.200467484945
 269105.647757036204
 278965.925490894238
 279200.139221738034
 279200.139223135251
 259787.557681411825
 257108.536732750188
 267979.190179308003
 260092.282553937053
 258320.870321757888
 260092.282554287056
 267979.190179457539
 261818.963966000098
 263659.552342003968
 269105.647758460836
 263747.200465928938
 262168.677163902961
 263525.358152121480
 269129.808161767782
 261600.466197911941
 263659.552342534706
 261818.963965103641
 269129.808160996181
 263525.358152289293
 261066.589110166329
 262168.677163794404
 263747.200468056311
 269105.647758058331
 278965.925493201881
 279200.139221961552
 279200.139221319230
 259787.557680539758
 257108.536733922665
 267979.190182970429
 260092.282554996229
 258320.870320630085
 260092.282553794794
 267979.190181324433
 261818.963960842724
 263659.552342045354
 269105.647758682549
 263747.200467998919
 262168.677158098377
 263525.358149226697
 269129.808161449444
 261600.466195657384
 263659.552341370494
 261818.963963094255
 269129.808160788089
 263525.358152755594
 261066.589108368615
 262168.677159335522
 263747.200469956733
 269105.647759441694
 278965.925490928639
 279200.139221686113
 279200.139220857527
 259787.557680988539
 267979.190181290847
 260092.282553606754
 260092.282554352627
 267979.190181278391
 263659.552341753966
 269105.647761002881
 263747.200469784089
 263525.358152401401
 269129.808162618254
 263659.552342331153
 269129.808162033907
 263525.358147581690
 263747.200466085109
 269105.647756684804
 278965.925492605136
 279200.139218931843
 279200.139221447811
 257108.536734289897
 259787.557680988481
 257108.536733922636
 267979.190181278391
 260092.282554352627
 258320.870322237286
 258320.870320630173
 260092.282553606783
 267979.190181290905
 263659.552342331212
 261600.466196231893
 269105.647756684746
 263747.200466085167
 261066.589108920394
 263525.358147581690
 269129.808162033965
 261600.466195657355
 263659.552341754024
 269129.808162618254
 263525.358152401401
 261066.589108368644
 263747.200469784089
 269105.647761002940
 278965.925492605136
 279200.139221447811
 279200.139218931843
 259787.557680539729
 257108.536732750217
 267979.190181324433
 260092.282553794736
 258320.870321757946
 260092.282554996200
 267979.190182970371
 263659.552341370552
 269105.647759441694
 263747.200469956791
 263525.358152755711
 269129.808160788147
 261600.466197911970
 263659.552342045354
 269129.808161449444
 263525.358149226697
 261066.589110166242
 263747.200467998977
 269105.647758682491
 278965.925490928639
 279200.139220857527
 279200.139221686113
 259787.557681411767
 257108.536732564593
 267979.190179457597
 260092.282554287027
 258320.870321811148
 260092.282553937053
 267979.190179308061
 261818.963965103641
 263659.552342534706
 269105.647758058389
 263747.200468056311
 262168.677163794520
 263525.358152289293
 269129.808160996181
 261600.466199003829
 263659.552342003968
 261818.963966000156
 269129.808161767898
 263525.358152121480
 261066.589110797213
 262168.677163902961
 263747.200465928996
 269105.647758460953
 278965.925493201823
 279200.139221319172
 279200.139221961494
 259787.557681264560
 257108.536732132226
 267979.190180853824
 260092.282556055347
 258320.870319379115
 260092.282554097532
 267979.190179335012
 261818.963963312301
 263659.552342057519
 269105.647757036262
 263747.200467484887
 262168.677160558291
 263525.358148935309
 269129.808161239082
 261600.466194818524
 263659.552338085603
 261818.963966386509
 269129.808161085006
 263525.358155061724
 261066.589106276107
 262168.677160845022
 263747.200472723169
 269105.647760767606
 278965.925490894297
 279200.139223135309
 279200.139221738034
 259787.557680989237
 267979.190182038350
 260092.282554652425
 260092.282554316014
 267979.190180211561
 263659.552340298716
 269105.647760203050
 263747.200470037351
 263525.358151197725
 269129.808162271860
 263659.552341407689
 269129.808161377499
 263525.358147042454
 263747.200465406990
 269105.647755966580
 278965.925493512943
 279200.139219516714
 279200.139223671285
 257108.536734757101
 259787.557680099824
 257108.536734213150
 267979.190180918085
 260092.282555083977
 258320.870320279268
 258320.870319357142
 260092.282554414676
 267979.190182147431
 263659.552341400587
 261600.466197315516
 269105.647754220758
 263747.200466326729
 261066.589107834006
 263525.358147989959
 269129.808162350499
 261600.466195378394
 263659.552341827657
 269129.808157637657
 263525.358151605178
 261066.589109796041
 263747.200468030234
 269105.647756773047
 278965.925492034236
 279200.139221735124
 279200.139220779238
 259787.557680451428
 257108.536732493201
 267979.190177227894
 260092.282554405363
 258320.870319198730
 260092.282555715530
 267979.190181740618
 263659.552341111470
 269105.647758795356
 263747.200472260301
 263525.358151720255
 269129.808160356479
 261600.466198473325
 263659.552341114148
 269129.808161954221
 263525.358148189727
 261066.589109187596
 263747.200469506031
 269105.647760767839
 278965.925492757815
 279200.139217998774
 279200.139220351353
 259787.557680141297
 257108.536734226771
 267979.190178335120
 260092.282554637961
 258320.870319925045
 260092.282555129554
 267979.190177987679
 261818.963966287061
 263659.552340206923
 269105.647758167644
 263747.200466302165
 262168.677162535547
 263525.358148464875
 269129.808160840999
 261600.466198628623
 263659.552341133181
 261818.963965891046
 269129.808160075801
 263525.358152022236
 261066.589110783476
 262168.677163220127
 263747.200467281044
 269105.647757484403
 278965.925494377210
 279200.139221482212
 279200.139221710095
 259787.557679453457
 257108.536733780609
 267979.190182820254
 260092.282554440171
 258320.870319709240
 260092.282554289675
 267979.190178689430
 263659.552340111579
 269105.647757878818
 263747.200468176976
 263525.358149562613
 269129.808162530535
 261600.466196133319
 263659.552342313284
 269129.808161047287
 263525.358152412577
 261066.589108959859
 263747.200472096039
 269105.647761399043
 278965.925491906470
 279200.139220568584
 279200.139220056182
 259787.557680044585
 267979.190182668157
 260092.282554431353
 260092.282554218487
 267979.190181126993
 263659.552339581598
 269105.647759744956
 263747.200470037991
 263525.358153064444
 269129.808162016794
 263659.552342522424
 269129.808162583038
 263525.358149070293
 263747.200464540394
 269105.647757601575
 278965.925493532908
 279200.139220565907
 279200.139221279067
 257108.536708713713
 259787.557686450775
 257108.536708608619
 267979.190183178347
 260092.282555570448
 258320.870317140914
 258320.870322578907
 260092.282552088960
 267979.190180341131
 263659.552339788177
 261600.466197894712
 269105.647759449843
 263747.200469126285
 261066.589110598608
 263525.358148837520
 269129.808163463720
 261600.466200064024
 263659.552339793125
 269129.808163509704
 263525.358151107735
 261066.589115552953
 263747.200466989831
 269105.647761297645
 278965.925494480180
 279200.139216936601
 279200.139218113152
 259787.557684832485
 257108.536710735469
 267979.190179528028
 260092.282552012795
 258320.870322165458
 260092.282553602825
 267979.190182941791
 263659.552341370261
 269105.647760094318
 263747.200465333241
 263525.358150650514
 269129.808160308865
 261600.466200805240
 263659.552341069968
 269129.808163787588
 263525.358149481530
 261066.589116611751
 263747.200468573021
 269105.647758708743
 278965.925493912306
 279200.139216754236
 279200.139216753654
 259787.557684273925
 257108.536710735469
 267979.190181870363
 260092.282553258119
 258320.870322165516
 260092.282553258177
 267979.190181870363
 263659.552340894414
 269105.647757997212
 263747.200469003466
 263525.358149447362
 269129.808164108137
 261600.466200805327
 263659.552340894297
 269129.808164108195
 263525.358149447420
 261066.589116611751
 263747.200469003350
 269105.647757997329
 278965.925492331502
 279200.139214898634
 279200.139214898576
 259787.557684832514
 257108.536708608619
 267979.190182941791
 260092.282553602767
 258320.870322578936
 260092.282552012737
 267979.190179527970
 263659.552341069910
 269105.647758708801
 263747.200468573021
 263525.358149481530
 269129.808163787471
 261600.466200063995
 263659.552341370319
 269129.808160308865
 263525.358150650514
 261066.589115552895
 263747.200465333241
 269105.647760094376
 278965.925493912247
 279200.139216753654
 279200.139216754236
 259787.557686450775
 267979.190180341131
 260092.282552088931
 260092.282555570418
 267979.190183178347
 263659.552339793125
 269105.647761297645
 263747.200466989831
 263525.358151107794
 269129.808163509762
 263659.552339788235
 269129.808163463778
 263525.358148837520
 263747.200469126285
 269105.647759449843
 278965.925494480238
 279200.139218113211
 279200.139216936659
