 6.00000000000000000 1039.04342713954111 1162.27372445602487 1039.04342713662300 1162.27372445602487 1039.04342713954111 1162.27372444793127
 6.00000000000000000 1039.04342714465042 1162.27372446367099 1039.04342713662300 1162.27372445355854 1039.04342713834217 1162.27372444793127
 6.00000000000000000 1039.04342714055770 1162.27372446419940 1039.04342713662300 1162.27372445523724 1039.04342714025438 1162.27372444793127
 6.00000000000000000 1039.04342714025438 1162.27372445523724 1039.04342713662300 1162.27372446419940 1039.04342714055770 1162.27372444793127
 6.00000000000000000 1039.04342713834217 1162.27372445355854 1039.04342713662300 1162.27372446367099 1039.04342714465042 1162.27372444793127
 6.00000000000000000 1162.27372445436345 1039.04342713796700 1162.27372445535116 1039.04342713796700 1162.27372445436345 1039.04342714258996
 6.00000000000000000 1162.27372446128084 1039.04342713929827 1162.27372445535116 1039.04342713843585 1162.27372445693413 1039.04342714258996
 6.00000000000000000 1162.27372445683682 1039.04342714098652 1162.27372445535116 1039.04342713659685 1162.27372445915671 1039.04342714258996
 6.00000000000000000 1162.27372445915671 1039.04342713659685 1162.27372445535116 1039.04342714098652 1162.27372445683682 1039.04342714258996
 6.00000000000000000 1162.27372445693413 1039.04342713843585 1162.27372445535116 1039.04342713929827 1162.27372446128084 1039.04342714258996
 6.00000000000000000 1039.04342713659685 1162.27372445915626 1039.04342714258996 1162.27372445683773 1039.04342714098698 1162.27372445535116
 6.00000000000000000 1039.04342713843585 1162.27372445693322 1039.04342714258996 1162.27372446128084 1039.04342713929827 1162.27372445535116
 6.00000000000000000 1039.04342713796996 1162.27372445436140 1039.04342714258996 1162.27372445436231 1039.04342713796655 1162.27372445535116
 6.00000000000000000 1039.04342713929827 1162.27372446128084 1039.04342714258996 1162.27372445693322 1039.04342713843585 1162.27372445535116
 6.00000000000000000 1039.04342714098698 1162.27372445683773 1039.04342714258996 1162.27372445915626 1039.04342713659685 1162.27372445535116
 6.00000000000000000 1162.27372445523702 1039.04342714025324 1162.27372444793127 1039.04342714055906 1162.27372446420009 1039.04342713662300
 6.00000000000000000 1162.27372445355854 1039.04342713834217 1162.27372444793127 1039.04342714465042 1162.27372446367099 1039.04342713662300
 6.00000000000000000 1162.27372445602668 1039.04342713954406 1162.27372444793127 1039.04342713954179 1162.27372445602577 1039.04342713662300
 6.00000000000000000 1162.27372446367099 1039.04342714465042 1162.27372444793127 1039.04342713834217 1162.27372445355854 1039.04342713662300
 6.00000000000000000 1162.27372446420009 1039.04342714055906 1162.27372444793127 1039.04342714025324 1162.27372445523702 1039.04342713662300
 5.00000000000000000 1039.04342716867382 1039.04342716867382 1039.04342716867336 1039.04342716867313 1039.04342716867336 1039.04342713662300
 5.00000000000000000 1039.04342713816027 1039.04342714454606 1039.04342714874656 1039.04342714390395 1039.04342713726101 1039.04342713662300
 5.00000000000000000 1039.04342713878555 1039.04342714439599 1039.04342714648578 1039.04342714550626 1039.04342713726101 1039.04342713662300
 5.00000000000000000 1039.04342713858546 1039.04342714478412 1039.04342714478321 1039.04342713858659 1039.04342713726101 1039.04342713662300
 5.00000000000000000 1039.04342714550626 1039.04342714648578 1039.04342714439599 1039.04342713878555 1039.04342713726101 1039.04342713662300
 5.00000000000000000 1039.04342714390395 1039.04342714874656 1039.04342714454606 1039.04342713816027 1039.04342713726101 1039.04342713662300
 5.00000000000000000 1039.04342714478412 1039.04342713858750 1039.04342713726101 1039.04342713858750 1039.04342714478412 1039.04342713662300
 5.00000000000000000 1039.04342714550626 1039.04342713726101 1039.04342713878555 1039.04342714439599 1039.04342714648578 1039.04342713662300
 5.00000000000000000 1039.04342714874588 1039.04342714390350 1039.04342713726101 1039.04342713816072 1039.04342714454697 1039.04342713662300
 5.00000000000000000 1039.04342713816072 1039.04342713726101 1039.04342714390350 1039.04342714874588 1039.04342714454697 1039.04342713662300
 5.00000000000000000 1039.04342713878555 1039.04342713726101 1039.04342714550626 1039.04342714648578 1039.04342714439599 1039.04342713662300
 5.00000000000000000 1039.04342716867359 1039.04342716867313 1039.04342716867313 1039.04342716867359 1039.04342716867404 1039.04342713662300
 6.00000000000000000 1089.45514928614989 1207.13424657672681 1039.04342712710809 1207.13424657672681 1089.45514928614989 1039.04342714184577
 6.00000000000000000 1089.45514928505963 1162.27372446562367 1089.45514927538602 1089.45514926991041 1162.27372445418791 1089.45514928009698
 6.00000000000000000 1089.45514928141733 1207.13424657327982 1039.04342712710809 1207.13424657535325 1089.45514928762191 1039.04342714184577
 6.00000000000000000 1162.27372446156028 1089.45514927476370 1089.45514927425484 1162.27372444925186 1089.45514928175135 1089.45514928534044
 6.00000000000000000 1089.45514928785883 1207.13424657328892 1039.04342712710809 1207.13424657809492 1089.45514928784269 1039.04342714184577
 6.00000000000000000 1162.27372445179435 1089.45514926859778 1089.45514926859801 1162.27372445179208 1089.45514928109901 1089.45514928109947
 6.00000000000000000 1089.45514928784269 1207.13424657809492 1039.04342712710809 1207.13424657328960 1089.45514928785883 1039.04342714184577
 6.00000000000000000 1162.27372444925186 1089.45514927425484 1089.45514927476370 1162.27372446156028 1089.45514928534044 1089.45514928175135
 6.00000000000000000 1089.45514928762191 1207.13424657535325 1039.04342712710809 1207.13424657327982 1089.45514928141733 1039.04342714184577
 6.00000000000000000 1089.45514928009698 1162.27372445418791 1089.45514926991041 1089.45514927538602 1162.27372446562367 1089.45514928505963
 6.00000000000000000 1089.45514928145076 1207.13424656937809 1039.04342714318273 1207.13424657298788 1089.45514928353714 1039.04342713583446
 6.00000000000000000 1089.45514928202260 1162.27372445533115 1089.45514928160560 1089.45514927984391 1162.27372445095125 1089.45514928152784
 6.00000000000000000 1039.04342714325003 1089.45514928274133 1207.13424657065480 1039.04342714226277 1207.13424656833922 1089.45514927770114
 6.00000000000000000 1089.45514928630155 1089.45514928444504 1162.27372445603010 1089.45514928001217 1089.45514928355328 1162.27372445516812
 6.00000000000000000 1089.45514928236798 1039.04342713881033 1089.45514928229522 1207.13424657483802 1039.04342714361360 1207.13424656846610
 6.00000000000000000 1039.04342714285349 1207.13424656691222 1089.45514928182342 1039.04342713831829 1089.45514927893237 1207.13424656885468
 6.00000000000000000 1089.45514928471630 1089.45514928222883 1162.27372445603010 1089.45514928222883 1089.45514928471630 1162.27372445516812
 6.00000000000000000 1207.13424656587313 1039.04342714456197 1207.13424657069868 1089.45514927831096 1039.04342714075847 1089.45514927791646
 6.00000000000000000 1162.27372445822266 1089.45514928245780 1089.45514928122998 1162.27372445175274 1089.45514927643444 1089.45514928148737
 6.00000000000000000 1089.45514928027046 1207.13424656797611 1039.04342714318273 1207.13424656959705 1089.45514928147145 1039.04342713583446
 6.00000000000000000 1089.45514927984254 1162.27372445095011 1089.45514928152784 1089.45514928202192 1162.27372445533251 1089.45514928160560
 6.00000000000000000 1039.04342714428753 1089.45514927960198 1207.13424657077553 1039.04342714504583 1207.13424656933171 1089.45514927771046
 6.00000000000000000 1089.45514928460580 1089.45514928480543 1162.27372445603010 1089.45514927638578 1089.45514928313810 1162.27372445516812
 6.00000000000000000 1089.45514928574175 1039.04342713871551 1089.45514927965428 1207.13424656911934 1039.04342714340351 1207.13424656904249
 6.00000000000000000 1039.04342714489167 1207.13424657180462 1089.45514928220177 1039.04342713230108 1089.45514927333443 1207.13424656851384
 6.00000000000000000 1207.13424656480674 1039.04342713447886 1207.13424656962093 1089.45514928006310 1039.04342714444988 1089.45514927776844
 6.00000000000000000 1162.27372444888124 1089.45514928058628 1089.45514928132911 1162.27372444888124 1089.45514928058628 1089.45514928132911
 6.00000000000000000 1089.45514928027342 1207.13424656792768 1039.04342714318273 1207.13424656792631 1089.45514928027183 1039.04342713583446
 6.00000000000000000 1089.45514928245825 1162.27372445822311 1089.45514928148759 1089.45514927643376 1162.27372445175388 1089.45514928123021
 6.00000000000000000 1039.04342714326208 1089.45514928506441 1207.13424657086966 1039.04342714121640 1207.13424656591064 1089.45514927783051
 6.00000000000000000 1089.45514928313810 1089.45514927638578 1162.27372445603010 1089.45514928480543 1089.45514928460580 1162.27372445516812
 6.00000000000000000 1089.45514928359898 1039.04342714232416 1089.45514928124635 1207.13424656509460 1039.04342714101449 1207.13424656881011
 6.00000000000000000 1039.04342714101449 1207.13424656509301 1089.45514928124635 1039.04342714232416 1089.45514928359898 1207.13424656881011
 6.00000000000000000 1207.13424656591064 1039.04342714121640 1207.13424657086966 1089.45514928506441 1039.04342714326208 1089.45514927783051
 6.00000000000000000 1162.27372445175388 1089.45514927643376 1089.45514928148759 1162.27372445822311 1089.45514928245825 1089.45514928123021
 6.00000000000000000 1089.45514928147145 1207.13424656959705 1039.04342714318273 1207.13424656797611 1089.45514928027046 1039.04342713583446
 6.00000000000000000 1089.45514928058628 1162.27372444888124 1089.45514928132911 1089.45514928058628 1162.27372444888124 1089.45514928132911
 6.00000000000000000 1039.04342714444988 1089.45514928006310 1207.13424656962093 1039.04342713447886 1207.13424656480674 1089.45514927776844
 6.00000000000000000 1089.45514928355328 1089.45514928001217 1162.27372445603010 1089.45514928444504 1089.45514928630155 1162.27372445516812
 6.00000000000000000 1089.45514927333443 1039.04342713230108 1089.45514928220177 1207.13424657180462 1039.04342714489167 1207.13424656851384
 6.00000000000000000 1039.04342714340351 1207.13424656911934 1089.45514927965428 1039.04342713871551 1089.45514928574175 1207.13424656904249
 6.00000000000000000 1207.13424656933171 1039.04342714504583 1207.13424657077553 1089.45514927960198 1039.04342714428753 1089.45514927771046
 6.00000000000000000 1162.27372445533251 1089.45514928202192 1089.45514928152784 1162.27372445095011 1089.45514927984254 1089.45514928160560
 6.00000000000000000 1089.45514928353714 1207.13424657298788 1039.04342714318273 1207.13424656937809 1089.45514928145076 1039.04342713583446
 6.00000000000000000 1089.45514927643444 1162.27372445175274 1089.45514928122998 1089.45514928245780 1162.27372445822266 1089.45514928148737
 6.00000000000000000 1039.04342714075847 1089.45514927831096 1207.13424657069868 1039.04342714456197 1207.13424656587313 1089.45514927791646
 6.00000000000000000 1089.45514927893237 1039.04342713831829 1089.45514928182342 1207.13424656691222 1039.04342714285349 1207.13424656885468
 6.00000000000000000 1039.04342714361360 1207.13424657483802 1089.45514928229522 1039.04342713881033 1089.45514928236798 1207.13424656846610
 6.00000000000000000 1207.13424656833922 1039.04342714226277 1207.13424657065480 1089.45514928274133 1039.04342714325003 1089.45514927770114
 6.00000000000000000 1162.27372445095125 1089.45514927984391 1089.45514928160560 1162.27372445533115 1089.45514928202260 1089.45514928152784
 6.00000000000000000 1207.13424656792722 1089.45514928027069 1039.04342713583446 1089.45514928027069 1207.13424656792722 1039.04342714318273
 6.00000000000000000 1039.04342714121640 1207.13424656591019 1089.45514927783074 1039.04342714326140 1089.45514928506304 1207.13424657086966
 6.00000000000000000 1089.45514928480566 1089.45514928460670 1162.27372445516812 1089.45514928313719 1089.45514927638578 1162.27372445603010
 6.00000000000000000 1207.13424656509278 1039.04342714101335 1207.13424656881011 1089.45514928359944 1039.04342714232416 1089.45514928124567
 6.00000000000000000 1162.27372445179208 1089.45514928109924 1089.45514928109924 1162.27372445179208 1089.45514926859869 1089.45514926859869
 6.00000000000000000 1039.04342714232416 1089.45514928359944 1207.13424656881011 1039.04342714101335 1207.13424656509278 1089.45514928124567
 6.00000000000000000 1089.45514927638578 1089.45514928313719 1162.27372445516812 1089.45514928460670 1089.45514928480566 1162.27372445603010
 6.00000000000000000 1089.45514928506304 1039.04342714326140 1089.45514927783074 1207.13424656591019 1039.04342714121640 1207.13424657086966
 6.00000000000000000 1207.13424656959705 1089.45514928147145 1039.04342713583446 1089.45514928026932 1207.13424656797724 1039.04342714318273
 6.00000000000000000 1039.04342714504583 1207.13424656933057 1089.45514927771046 1039.04342714428753 1089.45514927960312 1207.13424657077553
 6.00000000000000000 1207.13424656911934 1039.04342714340351 1207.13424656904249 1089.45514928574175 1039.04342713871597 1089.45514927965428
 6.00000000000000000 1162.27372444925186 1089.45514928175135 1089.45514928534044 1162.27372446155982 1089.45514927476370 1089.45514927425484
 6.00000000000000000 1039.04342713230108 1089.45514927333443 1207.13424656851384 1039.04342714489167 1207.13424657180462 1089.45514928220177
 6.00000000000000000 1089.45514928001217 1089.45514928355442 1162.27372445516812 1089.45514928630155 1089.45514928444504 1162.27372445603010
 6.00000000000000000 1089.45514928006310 1039.04342714444988 1089.45514927776844 1207.13424656480674 1039.04342713447886 1207.13424656962093
 6.00000000000000000 1207.13424657298697 1089.45514928353577 1039.04342713583446 1089.45514928145190 1207.13424656937855 1039.04342714318273
 6.00000000000000000 1039.04342714226323 1207.13424656833922 1089.45514927770114 1039.04342714325003 1089.45514928274019 1207.13424657065502
 6.00000000000000000 1207.13424657483756 1039.04342714361314 1207.13424656846610 1089.45514928236867 1039.04342713881056 1089.45514928229477
 6.00000000000000000 1162.27372445418678 1089.45514928009652 1089.45514928505986 1162.27372446562413 1089.45514927538602 1089.45514926991041
 6.00000000000000000 1039.04342713831829 1089.45514927893328 1207.13424656885491 1039.04342714285303 1207.13424656691154 1089.45514928182342
 6.00000000000000000 1089.45514928222997 1089.45514928471857 1162.27372445516812 1089.45514928471539 1089.45514928222860 1162.27372445603010
 6.00000000000000000 1089.45514927831164 1039.04342714075915 1089.45514927791646 1207.13424656587358 1039.04342714456175 1207.13424657069868
 6.00000000000000000 1207.13424656937855 1089.45514928145190 1039.04342713583446 1089.45514928353577 1207.13424657298697 1039.04342714318273
 6.00000000000000000 1039.04342714456175 1207.13424656587358 1089.45514927791646 1039.04342714075915 1089.45514927831164 1207.13424657069868
 6.00000000000000000 1207.13424656691154 1039.04342714285303 1207.13424656885491 1089.45514927893328 1039.04342713831829 1089.45514928182342
 6.00000000000000000 1089.45514927538602 1162.27372446562413 1089.45514928505986 1089.45514928009652 1162.27372445418678 1089.45514926991041
 6.00000000000000000 1039.04342713881056 1089.45514928236867 1207.13424656846610 1039.04342714361314 1207.13424657483756 1089.45514928229477
 6.00000000000000000 1089.45514928444504 1089.45514928630155 1162.27372445516812 1089.45514928355442 1089.45514928001217 1162.27372445603010
 6.00000000000000000 1089.45514928274019 1039.04342714325003 1089.45514927770114 1207.13424656833922 1039.04342714226323 1207.13424657065502
 6.00000000000000000 1207.13424656797724 1089.45514928026932 1039.04342713583446 1089.45514928147145 1207.13424656959705 1039.04342714318273
 6.00000000000000000 1039.04342713447886 1207.13424656480674 1089.45514927776844 1039.04342714444988 1089.45514928006310 1207.13424656962093
 6.00000000000000000 1207.13424657180462 1039.04342714489167 1207.13424656851384 1089.45514927333443 1039.04342713230108 1089.45514928220177
 6.00000000000000000 1162.27372446155982 1089.45514928534044 1089.45514928175135 1162.27372444925186 1089.45514927425484 1089.45514927476370
 6.00000000000000000 1039.04342713871597 1089.45514928574175 1207.13424656904249 1039.04342714340351 1207.13424656911934 1089.45514927965428
 6.00000000000000000 1089.45514927960312 1039.04342714428753 1089.45514927771046 1207.13424656933057 1039.04342714504583 1207.13424657077553
 6.00000000000000000 1207.13424657672772 1089.45514928615125 1039.04342714184577 1089.45514928614966 1207.13424657672726 1039.04342712710809
 6.00000000000000000 1207.13424657535256 1089.45514928762213 1039.04342714184577 1089.45514928141733 1207.13424657327982 1039.04342712710809
 6.00000000000000000 1207.13424657809446 1089.45514928784246 1039.04342714184577 1089.45514928785883 1207.13424657328937 1039.04342712710809
 6.00000000000000000 1207.13424657328937 1089.45514928785883 1039.04342714184577 1089.45514928784246 1207.13424657809446 1039.04342712710809
 6.00000000000000000 1207.13424657327982 1089.45514928141733 1039.04342714184577 1089.45514928762213 1207.13424657535256 1039.04342712710809
 6.00000000000000000 1051.58788925577687 1217.91483366271200 1039.04342716867313 1217.91483366271200 1051.58788925577687 1039.04342712710809
 6.00000000000000000 1103.22233152993567 1207.13424657535325 1051.58788925749536 1051.58788925577687 1207.13424657672681 1103.22233153142747
 6.00000000000000000 1051.58788925125828 1217.91483365638192 1039.04342716867336 1217.91483366271200 1051.58788925749536 1039.04342712710809
 6.00000000000000000 1051.94036522364968 1162.27372445418791 1051.94036521495127 1101.75121688507534 1162.27372445602487 1101.75121688871081
 6.00000000000000000 1089.45514926991041 1219.54586699446600 1103.22233153142747 1089.45514928614989 1173.79156539643259 1051.94036521495127
 6.00000000000000000 1101.75121688507534 1173.79156539643259 1039.04342714184577 1173.79156539643259 1101.75121688507534 1039.04342713662300
 6.00000000000000000 1101.75121688626132 1173.79156538784878 1039.04342714184577 1173.79156540057443 1101.75121688811828 1039.04342713662300
 6.00000000000000000 1173.79156540057443 1089.45514928762191 1103.22233152993567 1219.54586699446600 1089.45514927538602 1051.94036521539715
 6.00000000000000000 1162.27372445355854 1101.75121688811828 1051.94036521539715 1162.27372446562367 1051.94036522564397 1101.75121688828426
 6.00000000000000000 1103.22233153134653 1207.13424657809492 1051.58788925465933 1051.58788925125828 1207.13424657327982 1103.22233153186198
 6.00000000000000000 1051.58788925569229 1217.91483366108719 1039.04342716867382 1217.91483365638192 1051.58788925465933 1039.04342712710809
 6.00000000000000000 1051.94036521760199 1162.27372444925186 1051.94036521160047 1101.75121688626132 1162.27372446367099 1101.75121688956460
 6.00000000000000000 1089.45514927425484 1219.54586699951028 1103.22233153186198 1089.45514928141733 1173.79156538784878 1051.94036521160047
 6.00000000000000000 1101.75121689169328 1173.79156540259032 1039.04342714184577 1173.79156539490987 1101.75121688448735 1039.04342713662300
 6.00000000000000000 1173.79156539490987 1089.45514928784269 1103.22233153134653 1219.54586699951028 1089.45514927476370 1051.94036521461567
 6.00000000000000000 1162.27372445523724 1101.75121688448735 1051.94036521461567 1162.27372446156028 1051.94036522214196 1101.75121688820559
 6.00000000000000000 1103.22233152867307 1207.13424657328960 1051.58788925569252 1051.58788925569229 1207.13424657328892 1103.22233152867329
 6.00000000000000000 1051.58788925465933 1217.91483365638192 1039.04342716867382 1217.91483366108719 1051.58788925569252 1039.04342712710809
 6.00000000000000000 1051.94036522044235 1162.27372445179208 1051.94036521493604 1101.75121689169328 1162.27372446419940 1101.75121689111938
 6.00000000000000000 1089.45514926859801 1219.54586698348908 1103.22233152867329 1089.45514928785883 1173.79156540259032 1051.94036521493604
 6.00000000000000000 1101.75121688448735 1173.79156539490987 1039.04342714184577 1173.79156540259032 1101.75121689169328 1039.04342713662300
 6.00000000000000000 1173.79156540259032 1089.45514928785883 1103.22233152867307 1219.54586698348908 1089.45514926859778 1051.94036521493604
 6.00000000000000000 1162.27372446419940 1101.75121689169328 1051.94036521493604 1162.27372445179435 1051.94036522044235 1101.75121689111938
 6.00000000000000000 1103.22233153186198 1207.13424657327982 1051.58788925125828 1051.58788925465933 1207.13424657809492 1103.22233153134653
 6.00000000000000000 1051.58788925749536 1217.91483366271200 1039.04342716867336 1217.91483365638192 1051.58788925125828 1039.04342712710809
 6.00000000000000000 1051.94036522214196 1162.27372446156028 1051.94036521461567 1101.75121688448735 1162.27372445523724 1101.75121688820559
 6.00000000000000000 1089.45514927476370 1219.54586699951028 1103.22233153134653 1089.45514928784269 1173.79156539490987 1051.94036521461567
 6.00000000000000000 1101.75121688811828 1173.79156540057443 1039.04342714184577 1173.79156538784878 1101.75121688626132 1039.04342713662300
 6.00000000000000000 1173.79156538784878 1089.45514928141733 1103.22233153186198 1219.54586699951028 1089.45514927425484 1051.94036521160047
 6.00000000000000000 1162.27372446367099 1101.75121688626132 1051.94036521160047 1162.27372444925186 1051.94036521760199 1101.75121688956460
 6.00000000000000000 1207.13424657672681 1051.58788925577687 1051.58788925749536 1207.13424657535325 1103.22233152993567 1103.22233153142747
 6.00000000000000000 1051.94036522564397 1162.27372446562367 1051.94036521539715 1101.75121688811828 1162.27372445355854 1101.75121688828426
 6.00000000000000000 1089.45514927538602 1219.54586699446600 1103.22233152993567 1089.45514928762191 1173.79156540057443 1051.94036521539715
 6.00000000000000000 1173.79156539643259 1089.45514928614989 1103.22233153142747 1219.54586699446600 1089.45514926991041 1051.94036521495127
 6.00000000000000000 1162.27372445602487 1101.75121688507534 1051.94036521495127 1162.27372445418791 1051.94036522364968 1101.75121688871081
 6.00000000000000000 1051.58788926188004 1217.91483362603026 1039.04342713726101 1217.91483362494773 1051.58788926578563 1039.04342714318273
 6.00000000000000000 1103.22233152222793 1207.13424656833922 1051.58788925750900 1051.58788926188004 1207.13424656937809 1103.22233152025797
 6.00000000000000000 1039.04342714226277 1051.58788926731654 1217.91483363385669 1039.04342713816027 1217.91483362603026 1051.58788925750900
 6.00000000000000000 1051.94036521908765 1162.27372445095125 1051.94036521670978 1101.75121689188063 1162.27372445915626 1101.75121688800618
 6.00000000000000000 1089.45514927984391 1219.54586699208767 1103.22233152025797 1089.45514928145076 1173.79156539158816 1051.94036521670978
 6.00000000000000000 1101.75121689188063 1173.79156539158816 1039.04342713583446 1173.79156539179166 1101.75121688690979 1039.04342714258996
 6.00000000000000000 1039.04342713843585 1101.75121689349680 1173.79156539157361 1039.04342714325003 1173.79156538959296 1101.75121688768286
 6.00000000000000000 1051.94036522202964 1173.79156538959296 1089.45514927770114 1103.22233152222793 1219.54586699208767 1089.45514928160560
 6.00000000000000000 1101.75121688935405 1162.27372445693413 1101.75121688768286 1051.94036522202964 1162.27372445533115 1051.94036521669864
 6.00000000000000000 1103.22233152314971 1103.22233152149784 1207.13424656846610 1051.58788926390798 1051.58788926731654 1207.13424657065480
 6.00000000000000000 1051.58788926390798 1039.04342714361360 1051.58788925775752 1217.91483362848817 1039.04342714454606 1217.91483363385669
 6.00000000000000000 1101.75121688785066 1051.94036521999419 1162.27372445516812 1051.94036522174906 1101.75121689349680 1162.27372445535116
 6.00000000000000000 1051.94036522174906 1089.45514928355328 1219.54586699218680 1103.22233152314971 1089.45514928274133 1173.79156539157361
 6.00000000000000000 1101.75121688621948 1039.04342713834217 1101.75121688828426 1173.79156539836890 1039.04342713881033 1173.79156538891607
 6.00000000000000000 1089.45514928001217 1051.94036522189094 1173.79156538891607 1089.45514928236798 1103.22233152149784 1219.54586699218680
 6.00000000000000000 1051.94036522556439 1101.75121688944955 1162.27372444793127 1101.75121688621948 1051.94036522189094 1162.27372445603010
 6.00000000000000000 1207.13424657483802 1103.22233152528088 1103.22233152154445 1207.13424656691222 1051.58788925377917 1051.58788925775752
 6.00000000000000000 1039.04342714874656 1217.91483362848817 1051.58788925377917 1039.04342714285349 1051.58788926481816 1217.91483363359043
 6.00000000000000000 1173.79156539836890 1051.94036522564397 1089.45514928505963 1219.54586698476260 1103.22233152528088 1089.45514928229522
 6.00000000000000000 1039.04342713831829 1173.79156539675137 1101.75121688871081 1039.04342713954111 1101.75121688558215 1173.79156538854204
 6.00000000000000000 1103.22233152154445 1219.54586698476260 1089.45514928009698 1051.94036522364968 1173.79156539675137 1089.45514928182342
 6.00000000000000000 1051.58788926877560 1051.58788926481816 1207.13424656885468 1103.22233151681007 1103.22233151841010 1207.13424657069868
 6.00000000000000000 1217.91483362494773 1039.04342714390395 1217.91483363359043 1051.58788926877560 1039.04342714456197 1051.58788925724571
 6.00000000000000000 1051.94036522372767 1101.75121688558215 1162.27372444793127 1101.75121688558215 1051.94036522372767 1162.27372445603010
 6.00000000000000000 1103.22233151681007 1089.45514927893237 1173.79156538854204 1051.94036522372767 1089.45514928222883 1219.54586699229822
 6.00000000000000000 1173.79156539134215 1039.04342714075847 1173.79156539174619 1101.75121688986815 1039.04342713796700 1101.75121688751506
 6.00000000000000000 1089.45514927831096 1103.22233151841010 1219.54586699229822 1089.45514928471630 1051.94036522063175 1173.79156539174619
 6.00000000000000000 1101.75121688986815 1051.94036522063175 1162.27372445516812 1051.94036522063175 1101.75121688986815 1162.27372445535116
 6.00000000000000000 1207.13424657298788 1051.58788926578563 1051.58788925724571 1207.13424656587313 1103.22233151505179 1103.22233152029025
 6.00000000000000000 1162.27372445175274 1051.94036522607030 1101.75121688751506 1162.27372445436345 1101.75121688549643 1051.94036521669068
 6.00000000000000000 1219.54586698709841 1103.22233151505179 1089.45514927791646 1173.79156539134215 1051.94036522607030 1089.45514928122998
 6.00000000000000000 1173.79156539179166 1089.45514928353714 1103.22233152029025 1219.54586698709841 1089.45514928245780 1051.94036521668681
 6.00000000000000000 1162.27372445683773 1101.75121688690979 1051.94036521668681 1162.27372445822266 1051.94036522746001 1101.75121688747140
 6.00000000000000000 1051.58788926437387 1217.91483362658187 1039.04342713726101 1217.91483362642907 1051.58788925799445 1039.04342714318273
 6.00000000000000000 1103.22233152311628 1207.13424656933171 1051.58788925741464 1051.58788926437387 1207.13424656797611 1103.22233152025160
 6.00000000000000000 1039.04342714504583 1051.58788926880607 1217.91483363407610 1039.04342713878555 1217.91483362658187 1051.58788925741464
 6.00000000000000000 1051.94036522203169 1162.27372445533251 1051.94036521669864 1101.75121688935269 1162.27372445693322 1101.75121688768263
 6.00000000000000000 1089.45514928202192 1219.54586699257015 1103.22233152025160 1089.45514928027046 1173.79156539158362 1051.94036521669864
 6.00000000000000000 1101.75121688935269 1173.79156539158362 1039.04342713583446 1173.79156538875350 1101.75121689182015 1039.04342714258996
 6.00000000000000000 1039.04342713659685 1101.75121688885929 1173.79156539186488 1039.04342714428753 1173.79156539078417 1101.75121688800618
 6.00000000000000000 1051.94036521908765 1173.79156539078417 1089.45514927771046 1103.22233152311628 1219.54586699257015 1089.45514928152784
 6.00000000000000000 1101.75121689188200 1162.27372445915671 1101.75121688800618 1051.94036521908765 1162.27372445095011 1051.94036521670978
 6.00000000000000000 1103.22233152026774 1103.22233152207036 1207.13424656904249 1051.58788926661691 1051.58788926880607 1207.13424657077553
 6.00000000000000000 1051.58788926661691 1039.04342714340351 1051.58788925460885 1217.91483362469262 1039.04342714439599 1217.91483363407610
 6.00000000000000000 1101.75121689235402 1051.94036521792736 1162.27372445516812 1051.94036522142142 1101.75121688885929 1162.27372445535116
 6.00000000000000000 1051.94036522142142 1089.45514928313810 1219.54586699184756 1103.22233152026774 1089.45514927960198 1173.79156539186488
 6.00000000000000000 1101.75121688831268 1039.04342714025438 1101.75121688820559 1173.79156539254086 1039.04342713871551 1173.79156538938810
 6.00000000000000000 1089.45514927638578 1051.94036522092756 1173.79156538938810 1089.45514928574175 1103.22233152207036 1219.54586699184756
 6.00000000000000000 1051.94036522358238 1101.75121688484433 1162.27372444793127 1101.75121688831268 1051.94036522092756 1162.27372445603010
 6.00000000000000000 1207.13424656911934 1103.22233152580338 1103.22233152372928 1207.13424657180462 1051.58788925494423 1051.58788925460885
 6.00000000000000000 1039.04342714648578 1217.91483362469262 1051.58788925494423 1039.04342714489167 1051.58788926605189 1217.91483363491989
 6.00000000000000000 1173.79156539254086 1051.94036522214196 1089.45514928534044 1219.54586698896287 1103.22233152580338 1089.45514927965428
 6.00000000000000000 1039.04342713230108 1173.79156539025871 1101.75121688956460 1039.04342714465042 1101.75121688944955 1173.79156538887310
 6.00000000000000000 1103.22233152372928 1219.54586698896287 1089.45514928175135 1051.94036521760199 1173.79156539025871 1089.45514928220177
 6.00000000000000000 1051.58788926598686 1051.58788926605189 1207.13424656851384 1103.22233151326986 1103.22233151464502 1207.13424656962093
 6.00000000000000000 1217.91483362642907 1039.04342714550626 1217.91483363491989 1051.58788926598686 1039.04342713447886 1051.58788925773092
 6.00000000000000000 1103.22233151326986 1089.45514927333443 1173.79156538887310 1051.94036522556439 1089.45514928444504 1219.54586699236484
 6.00000000000000000 1173.79156539206542 1039.04342714444988 1173.79156539184100 1101.75121688785066 1039.04342713929827 1101.75121688796025
 6.00000000000000000 1089.45514928006310 1103.22233151464502 1219.54586699236484 1089.45514928630155 1051.94036521999419 1173.79156539184100
 6.00000000000000000 1207.13424656959705 1051.58788925799445 1051.58788925773092 1207.13424656480674 1103.22233151697446 1103.22233152026183
 6.00000000000000000 1162.27372444888124 1051.94036522104989 1101.75121688796025 1162.27372446128084 1101.75121689182015 1051.94036521672251
 6.00000000000000000 1219.54586698732396 1103.22233151697446 1089.45514927776844 1173.79156539206542 1051.94036522104989 1089.45514928132911
 6.00000000000000000 1173.79156538875350 1089.45514928147145 1103.22233152026183 1219.54586698732396 1089.45514928058628 1051.94036521672251
 6.00000000000000000 1162.27372446128084 1101.75121689182015 1051.94036521672251 1162.27372444888124 1051.94036522104989 1101.75121688796025
 6.00000000000000000 1051.58788926023499 1217.91483362325675 1039.04342713726101 1217.91483362325766 1051.58788926023385 1039.04342714318273
 6.00000000000000000 1103.22233151688124 1207.13424656591064 1051.58788925742874 1051.58788926023499 1207.13424656792768 1103.22233152025092
 6.00000000000000000 1039.04342714121640 1051.58788926569378 1217.91483363386737 1039.04342713858546 1217.91483362325675 1051.58788925742874
 6.00000000000000000 1051.94036522607030 1162.27372445175388 1051.94036521669068 1101.75121688549439 1162.27372445436140 1101.75121688751506
 6.00000000000000000 1089.45514927643376 1219.54586698661842 1103.22233152025092 1089.45514928027342 1173.79156538960819 1051.94036521669068
 6.00000000000000000 1101.75121688549439 1173.79156538960819 1039.04342713583446 1173.79156538960683 1101.75121688549530 1039.04342714258996
 6.00000000000000000 1039.04342714098652 1101.75121689235402 1173.79156539140513 1039.04342714326208 1173.79156539211613 1101.75121688747140
 6.00000000000000000 1051.94036522746001 1173.79156539211613 1089.45514927783051 1103.22233151688124 1219.54586698661842 1089.45514928148759
 6.00000000000000000 1101.75121688690797 1162.27372445683682 1101.75121688747140 1051.94036522746001 1162.27372445822311 1051.94036521668681
 6.00000000000000000 1103.22233152690114 1103.22233152114313 1207.13424656881011 1051.58788926186207 1051.58788926569378 1207.13424657086966
 6.00000000000000000 1051.58788926186207 1039.04342714101449 1051.58788925423596 1217.91483362262397 1039.04342714478412 1217.91483363386737
 6.00000000000000000 1101.75121688885929 1051.94036522142142 1162.27372445516812 1051.94036521792736 1101.75121689235402 1162.27372445535116
 6.00000000000000000 1051.94036521792736 1089.45514928460580 1219.54586699258221 1103.22233152690114 1089.45514928506441 1173.79156539140513
 6.00000000000000000 1101.75121688484433 1039.04342714055770 1101.75121689111938 1173.79156540036865 1039.04342714232416 1173.79156538844836
 6.00000000000000000 1089.45514928480543 1051.94036522358238 1173.79156538844836 1089.45514928359898 1103.22233152114313 1219.54586699258221
 6.00000000000000000 1051.94036522092756 1101.75121688831268 1162.27372444793127 1101.75121688484433 1051.94036522358238 1162.27372445603010
 6.00000000000000000 1051.58788925423596 1207.13424656509460 1103.22233152134368 1103.22233152134299 1207.13424656509301 1051.58788925423551
 6.00000000000000000 1039.04342714478321 1217.91483362262397 1051.58788925423551 1039.04342714101449 1051.58788926186207 1217.91483363386737
 6.00000000000000000 1173.79156540036865 1051.94036522044235 1089.45514928109947 1219.54586697834202 1103.22233152134368 1089.45514928124635
 6.00000000000000000 1039.04342714232416 1173.79156540036865 1101.75121689111938 1039.04342714055770 1101.75121688484433 1173.79156538844836
 6.00000000000000000 1103.22233152134299 1219.54586697834202 1089.45514928109901 1051.94036522044235 1173.79156540036865 1089.45514928124635
 6.00000000000000000 1051.58788926569378 1051.58788926186207 1207.13424656881011 1103.22233152114313 1103.22233152690114 1207.13424657086966
 6.00000000000000000 1217.91483362325766 1039.04342713858659 1217.91483363386737 1051.58788926569378 1039.04342714121640 1051.58788925742874
 6.00000000000000000 1103.22233152114313 1089.45514928359898 1173.79156538844836 1051.94036522358238 1089.45514928480543 1219.54586699258221
 6.00000000000000000 1173.79156539211613 1039.04342714326208 1173.79156539140513 1101.75121689235402 1039.04342714098652 1101.75121688747140
 6.00000000000000000 1089.45514928506441 1103.22233152690114 1219.54586699258221 1089.45514928460580 1051.94036521792736 1173.79156539140513
 6.00000000000000000 1207.13424656792631 1051.58788926023385 1051.58788925742874 1207.13424656591064 1103.22233151688124 1103.22233152025092
 6.00000000000000000 1162.27372445822311 1051.94036522746001 1101.75121688747140 1162.27372445683682 1101.75121688690797 1051.94036521668681
 6.00000000000000000 1219.54586698661842 1103.22233151688124 1089.45514927783051 1173.79156539211613 1051.94036522746001 1089.45514928148759
 6.00000000000000000 1173.79156538960683 1089.45514928027183 1103.22233152025092 1219.54586698661842 1089.45514927643376 1051.94036521669068
 6.00000000000000000 1162.27372445436231 1101.75121688549530 1051.94036521669068 1162.27372445175388 1051.94036522607030 1101.75121688751506
 6.00000000000000000 1051.58788925799445 1217.91483362642907 1039.04342713726101 1217.91483362658187 1051.58788926437387 1039.04342714318273
 6.00000000000000000 1103.22233151697446 1207.13424656480674 1051.58788925773092 1051.58788925799445 1207.13424656959705 1103.22233152026183
 6.00000000000000000 1039.04342713447886 1051.58788926598686 1217.91483363491989 1039.04342714550626 1217.91483362642907 1051.58788925773092
 6.00000000000000000 1051.94036522104989 1162.27372444888124 1051.94036521672251 1101.75121689182015 1162.27372446128084 1101.75121688796025
 6.00000000000000000 1089.45514928058628 1219.54586698732396 1103.22233152026183 1089.45514928147145 1173.79156538875350 1051.94036521672251
 6.00000000000000000 1101.75121689182015 1173.79156538875350 1039.04342713583446 1173.79156539158362 1101.75121688935269 1039.04342714258996
 6.00000000000000000 1039.04342713929827 1101.75121688785066 1173.79156539184100 1039.04342714444988 1173.79156539206542 1101.75121688796025
 6.00000000000000000 1051.94036522104989 1173.79156539206542 1089.45514927776844 1103.22233151697446 1219.54586698732396 1089.45514928132911
 6.00000000000000000 1101.75121689182015 1162.27372446128084 1101.75121688796025 1051.94036522104989 1162.27372444888124 1051.94036521672251
 6.00000000000000000 1103.22233151464502 1103.22233151326986 1207.13424656851384 1051.58788926605189 1051.58788926598686 1207.13424656962093
 6.00000000000000000 1051.58788926605189 1039.04342714489167 1051.58788925494423 1217.91483362469262 1039.04342714648578 1217.91483363491989
 6.00000000000000000 1101.75121689349680 1051.94036522174906 1162.27372445516812 1051.94036521999419 1101.75121688785066 1162.27372445535116
 6.00000000000000000 1051.94036521999419 1089.45514928630155 1219.54586699236484 1103.22233151464502 1089.45514928006310 1173.79156539184100
 6.00000000000000000 1101.75121688944955 1039.04342714465042 1101.75121688956460 1173.79156539025871 1039.04342713230108 1173.79156538887310
 6.00000000000000000 1089.45514928444504 1051.94036522556439 1173.79156538887310 1089.45514927333443 1103.22233151326986 1219.54586699236484
 6.00000000000000000 1051.94036522189094 1101.75121688621948 1162.27372444793127 1101.75121688944955 1051.94036522556439 1162.27372445603010
 6.00000000000000000 1051.58788925494423 1207.13424657180462 1103.22233152372928 1103.22233152580338 1207.13424656911934 1051.58788925460885
 6.00000000000000000 1039.04342714439599 1217.91483362469262 1051.58788925460885 1039.04342714340351 1051.58788926661691 1217.91483363407610
 6.00000000000000000 1173.79156539025871 1051.94036521760199 1089.45514928175135 1219.54586698896287 1103.22233152372928 1089.45514928220177
 6.00000000000000000 1039.04342713871551 1173.79156539254086 1101.75121688820559 1039.04342714025438 1101.75121688831268 1173.79156538938810
 6.00000000000000000 1103.22233152580338 1219.54586698896287 1089.45514928534044 1051.94036522214196 1173.79156539254086 1089.45514927965428
 6.00000000000000000 1051.58788926880607 1051.58788926661691 1207.13424656904249 1103.22233152207036 1103.22233152026774 1207.13424657077553
 6.00000000000000000 1217.91483362658187 1039.04342713878555 1217.91483363407610 1051.58788926880607 1039.04342714504583 1051.58788925741464
 6.00000000000000000 1103.22233152207036 1089.45514928574175 1173.79156538938810 1051.94036522092756 1089.45514927638578 1219.54586699184756
 6.00000000000000000 1173.79156539078417 1039.04342714428753 1173.79156539186488 1101.75121688885929 1039.04342713659685 1101.75121688800618
 6.00000000000000000 1089.45514927960198 1103.22233152026774 1219.54586699184756 1089.45514928313810 1051.94036522142142 1173.79156539186488
 6.00000000000000000 1207.13424656797611 1051.58788926437387 1051.58788925741464 1207.13424656933171 1103.22233152311628 1103.22233152025160
 6.00000000000000000 1162.27372445095011 1051.94036521908765 1101.75121688800618 1162.27372445915671 1101.75121689188200 1051.94036521670978
 6.00000000000000000 1219.54586699257015 1103.22233152311628 1089.45514927771046 1173.79156539078417 1051.94036521908765 1089.45514928152784
 6.00000000000000000 1173.79156539158362 1089.45514928027046 1103.22233152025160 1219.54586699257015 1089.45514928202192 1051.94036521669864
 6.00000000000000000 1162.27372445693322 1101.75121688935269 1051.94036521669864 1162.27372445533251 1051.94036522203169 1101.75121688768263
 6.00000000000000000 1051.58788926578563 1217.91483362494773 1039.04342713726101 1217.91483362603026 1051.58788926188004 1039.04342714318273
 6.00000000000000000 1103.22233151505179 1207.13424656587313 1051.58788925724571 1051.58788926578563 1207.13424657298788 1103.22233152029025
 6.00000000000000000 1039.04342714456197 1051.58788926877560 1217.91483363359043 1039.04342714390395 1217.91483362494773 1051.58788925724571
 6.00000000000000000 1051.94036522746001 1162.27372445822266 1051.94036521668681 1101.75121688690979 1162.27372445683773 1101.75121688747140
 6.00000000000000000 1089.45514928245780 1219.54586698709841 1103.22233152029025 1089.45514928353714 1173.79156539179166 1051.94036521668681
 6.00000000000000000 1101.75121688690979 1173.79156539179166 1039.04342713583446 1173.79156539158816 1101.75121689188063 1039.04342714258996
 6.00000000000000000 1039.04342713796700 1101.75121688986815 1173.79156539174619 1039.04342714075847 1173.79156539134215 1101.75121688751506
 6.00000000000000000 1051.94036522607030 1173.79156539134215 1089.45514927791646 1103.22233151505179 1219.54586698709841 1089.45514928122998
 6.00000000000000000 1101.75121688549643 1162.27372445436345 1101.75121688751506 1051.94036522607030 1162.27372445175274 1051.94036521669068
 6.00000000000000000 1103.22233151841010 1103.22233151681007 1207.13424656885468 1051.58788926481816 1051.58788926877560 1207.13424657069868
 6.00000000000000000 1051.58788926481816 1039.04342714285349 1051.58788925377917 1217.91483362848817 1039.04342714874656 1217.91483363359043
 6.00000000000000000 1051.94036522063175 1089.45514928471630 1219.54586699229822 1103.22233151841010 1089.45514927831096 1173.79156539174619
 6.00000000000000000 1101.75121688558215 1039.04342713954111 1101.75121688871081 1173.79156539675137 1039.04342713831829 1173.79156538854204
 6.00000000000000000 1089.45514928222883 1051.94036522372767 1173.79156538854204 1089.45514927893237 1103.22233151681007 1219.54586699229822
 6.00000000000000000 1051.58788925377917 1207.13424656691222 1103.22233152154445 1103.22233152528088 1207.13424657483802 1051.58788925775752
 6.00000000000000000 1039.04342714454606 1217.91483362848817 1051.58788925775752 1039.04342714361360 1051.58788926390798 1217.91483363385669
 6.00000000000000000 1173.79156539675137 1051.94036522364968 1089.45514928009698 1219.54586698476260 1103.22233152154445 1089.45514928182342
 6.00000000000000000 1039.04342713881033 1173.79156539836890 1101.75121688828426 1039.04342713834217 1101.75121688621948 1173.79156538891607
 6.00000000000000000 1103.22233152528088 1219.54586698476260 1089.45514928505963 1051.94036522564397 1173.79156539836890 1089.45514928229522
 6.00000000000000000 1051.58788926731654 1051.58788926390798 1207.13424656846610 1103.22233152149784 1103.22233152314971 1207.13424657065480
 6.00000000000000000 1217.91483362603026 1039.04342713816027 1217.91483363385669 1051.58788926731654 1039.04342714226277 1051.58788925750900
 6.00000000000000000 1103.22233152149784 1089.45514928236798 1173.79156538891607 1051.94036522189094 1089.45514928001217 1219.54586699218680
 6.00000000000000000 1173.79156538959296 1039.04342714325003 1173.79156539157361 1101.75121689349680 1039.04342713843585 1101.75121688768286
 6.00000000000000000 1089.45514928274133 1103.22233152314971 1219.54586699218680 1089.45514928355328 1051.94036522174906 1173.79156539157361
 6.00000000000000000 1207.13424656937809 1051.58788926188004 1051.58788925750900 1207.13424656833922 1103.22233152222793 1103.22233152025797
 6.00000000000000000 1162.27372445533115 1051.94036522202964 1101.75121688768286 1162.27372445693413 1101.75121688935405 1051.94036521669864
 6.00000000000000000 1219.54586699208767 1103.22233152222793 1089.45514927770114 1173.79156538959296 1051.94036522202964 1089.45514928160560
 6.00000000000000000 1173.79156539158816 1089.45514928145076 1103.22233152025797 1219.54586699208767 1089.45514927984391 1051.94036521670978
 6.00000000000000000 1162.27372445915626 1101.75121689188063 1051.94036521670978 1162.27372445095125 1051.94036521908765 1101.75121688800618
 6.00000000000000000 1217.91483362325835 1051.58788926023453 1039.04342714318273 1051.58788926023453 1217.91483362325835 1039.04342713726101
 6.00000000000000000 1051.58788926023453 1207.13424656792722 1103.22233152025092 1103.22233151687919 1207.13424656591019 1051.58788925742874
 6.00000000000000000 1039.04342713858750 1217.91483362325835 1051.58788925742874 1039.04342714121640 1051.58788926569264 1217.91483363386715
 6.00000000000000000 1089.45514928027069 1173.79156538960569 1051.94036521669068 1089.45514927643444 1219.54586698661865 1103.22233152025092
 6.00000000000000000 1173.79156538960569 1101.75121688549643 1039.04342714258996 1101.75121688549643 1173.79156538960569 1039.04342713583446
 6.00000000000000000 1039.04342714326140 1173.79156539211658 1101.75121688747140 1039.04342714098698 1101.75121689235357 1173.79156539140513
 6.00000000000000000 1103.22233151687919 1219.54586698661865 1089.45514928148737 1051.94036522746001 1173.79156539211658 1089.45514927783074
 6.00000000000000000 1051.58788926186048 1051.58788926569264 1207.13424657086966 1103.22233152690114 1103.22233152114336 1207.13424656881011
 6.00000000000000000 1217.91483362262488 1039.04342714478412 1217.91483363386715 1051.58788926186048 1039.04342714101335 1051.58788925423596
 6.00000000000000000 1051.94036521792759 1101.75121689235357 1162.27372445535116 1101.75121688885952 1051.94036522142073 1162.27372445516812
 6.00000000000000000 1103.22233152690114 1089.45514928506304 1173.79156539140513 1051.94036521792759 1089.45514928460670 1219.54586699258221
 6.00000000000000000 1173.79156540036752 1039.04342714232416 1173.79156538844836 1101.75121688484523 1039.04342714055906 1101.75121689111938
 6.00000000000000000 1089.45514928359944 1103.22233152114336 1219.54586699258221 1089.45514928480566 1051.94036522358306 1173.79156538844836
 6.00000000000000000 1101.75121688484523 1051.94036522358306 1162.27372445603010 1051.94036522092688 1101.75121688831200 1162.27372444793127
 6.00000000000000000 1103.22233152134345 1207.13424656509278 1051.58788925423596 1051.58788925423596 1207.13424656509278 1103.22233152134345
 6.00000000000000000 1039.04342714101335 1051.58788926186048 1217.91483363386715 1039.04342714478412 1217.91483362262488 1051.58788925423596
 6.00000000000000000 1162.27372445179208 1051.94036522044189 1101.75121689111938 1162.27372446420009 1101.75121689169328 1051.94036521493581
 6.00000000000000000 1219.54586697834270 1103.22233152134345 1089.45514928124567 1173.79156540036752 1051.94036522044189 1089.45514928109924
 6.00000000000000000 1039.04342714055906 1101.75121688484523 1173.79156538844836 1039.04342714232416 1173.79156540036752 1101.75121689111938
 6.00000000000000000 1051.94036522044189 1173.79156540036752 1089.45514928124567 1103.22233152134345 1219.54586697834270 1089.45514928109924
 6.00000000000000000 1101.75121689169328 1162.27372446420009 1101.75121689111938 1051.94036522044189 1162.27372445179208 1051.94036521493581
 6.00000000000000000 1103.22233152114336 1103.22233152690114 1207.13424657086966 1051.58788926569264 1051.58788926186048 1207.13424656881011
 6.00000000000000000 1051.58788926569264 1039.04342714121640 1051.58788925742874 1217.91483362325835 1039.04342713858750 1217.91483363386715
 6.00000000000000000 1101.75121688831200 1051.94036522092688 1162.27372445603010 1051.94036522358306 1101.75121688484523 1162.27372444793127
 6.00000000000000000 1051.94036522358306 1089.45514928480566 1219.54586699258221 1103.22233152114336 1089.45514928359944 1173.79156538844836
 6.00000000000000000 1101.75121689235357 1039.04342714098698 1101.75121688747140 1173.79156539211658 1039.04342714326140 1173.79156539140513
 6.00000000000000000 1089.45514928460670 1051.94036521792759 1173.79156539140513 1089.45514928506304 1103.22233152690114 1219.54586699258221
 6.00000000000000000 1051.94036522142073 1101.75121688885952 1162.27372445535116 1101.75121689235357 1051.94036521792759 1162.27372445516812
 6.00000000000000000 1207.13424656591019 1103.22233151687919 1103.22233152025092 1207.13424656792722 1051.58788926023453 1051.58788925742874
 6.00000000000000000 1173.79156539211658 1051.94036522746001 1089.45514928148737 1219.54586698661865 1103.22233151687919 1089.45514927783074
 6.00000000000000000 1219.54586698661865 1089.45514927643444 1051.94036521669068 1173.79156538960569 1089.45514928027069 1103.22233152025092
 6.00000000000000000 1217.91483362642907 1051.58788925799445 1039.04342714318273 1051.58788926437524 1217.91483362658187 1039.04342713726101
 6.00000000000000000 1051.58788926437524 1207.13424656797724 1103.22233152025160 1103.22233152311560 1207.13424656933057 1051.58788925741464
 6.00000000000000000 1039.04342713878555 1217.91483362658187 1051.58788925741464 1039.04342714504583 1051.58788926880607 1217.91483363407610
 6.00000000000000000 1089.45514928026932 1173.79156539158225 1051.94036521669864 1089.45514928202260 1219.54586699257197 1103.22233152025160
 6.00000000000000000 1173.79156538875350 1101.75121689182015 1039.04342714258996 1101.75121688935405 1173.79156539158225 1039.04342713583446
 6.00000000000000000 1039.04342714428753 1173.79156539078372 1101.75121688800618 1039.04342713659685 1101.75121688885952 1173.79156539186488
 6.00000000000000000 1103.22233152311560 1219.54586699257197 1089.45514928152784 1051.94036521908765 1173.79156539078372 1089.45514927771046
 6.00000000000000000 1051.58788926661691 1051.58788926880607 1207.13424657077553 1103.22233152026888 1103.22233152207036 1207.13424656904249
 6.00000000000000000 1217.91483362469262 1039.04342714439599 1217.91483363407610 1051.58788926661691 1039.04342714340351 1051.58788925460885
 6.00000000000000000 1103.22233152026888 1089.45514927960312 1173.79156539186488 1051.94036522142073 1089.45514928313719 1219.54586699184779
 6.00000000000000000 1173.79156539254109 1039.04342713871597 1173.79156538938810 1101.75121688831200 1039.04342714025324 1101.75121688820582
 6.00000000000000000 1089.45514928574175 1103.22233152207036 1219.54586699184779 1089.45514927638578 1051.94036522092688 1173.79156538938810
 6.00000000000000000 1207.13424657180462 1051.58788925494423 1051.58788925460885 1207.13424656911934 1103.22233152580338 1103.22233152372928
 6.00000000000000000 1039.04342714489167 1051.58788926605189 1217.91483363491989 1039.04342714648578 1217.91483362469262 1051.58788925494423
 6.00000000000000000 1162.27372446155982 1051.94036522214174 1101.75121688820582 1162.27372445523702 1101.75121688448758 1051.94036521461544
 6.00000000000000000 1219.54586698896287 1103.22233152580338 1089.45514927965428 1173.79156539254109 1051.94036522214174 1089.45514928534044
 6.00000000000000000 1039.04342714465042 1101.75121688944955 1173.79156538887310 1039.04342713230108 1173.79156539025871 1101.75121688956460
 6.00000000000000000 1051.94036521760199 1173.79156539025871 1089.45514928220177 1103.22233152372928 1219.54586698896287 1089.45514928175135
 6.00000000000000000 1101.75121688626132 1162.27372446367099 1101.75121688956460 1051.94036521760199 1162.27372444925186 1051.94036521160047
 6.00000000000000000 1103.22233151326986 1103.22233151464502 1207.13424656962093 1051.58788926598686 1051.58788926605189 1207.13424656851384
 6.00000000000000000 1051.58788926598686 1039.04342713447886 1051.58788925773092 1217.91483362642907 1039.04342714550626 1217.91483363491989
 6.00000000000000000 1101.75121688621948 1051.94036522189094 1162.27372445603010 1051.94036522556439 1101.75121688944955 1162.27372444793127
 6.00000000000000000 1051.94036522556439 1089.45514928444504 1219.54586699236484 1103.22233151326986 1089.45514927333443 1173.79156538887310
 6.00000000000000000 1101.75121688785066 1039.04342713929827 1101.75121688796025 1173.79156539206542 1039.04342714444988 1173.79156539184100
 6.00000000000000000 1089.45514928630155 1051.94036521999419 1173.79156539184100 1089.45514928006310 1103.22233151464502 1219.54586699236484
 6.00000000000000000 1051.94036522174997 1101.75121689349680 1162.27372445535116 1101.75121688785066 1051.94036521999419 1162.27372445516812
 6.00000000000000000 1207.13424656480674 1103.22233151697446 1103.22233152026183 1207.13424656959705 1051.58788925799445 1051.58788925773092
 6.00000000000000000 1173.79156539206542 1051.94036522104989 1089.45514928132911 1219.54586698732396 1103.22233151697446 1089.45514927776844
 6.00000000000000000 1219.54586698732396 1089.45514928058628 1051.94036521672251 1173.79156538875350 1089.45514928147145 1103.22233152026183
 6.00000000000000000 1217.91483362494887 1051.58788926578609 1039.04342714318273 1051.58788926187935 1217.91483362602912 1039.04342713726101
 6.00000000000000000 1051.58788926187935 1207.13424656937855 1103.22233152025797 1103.22233152222748 1207.13424656833922 1051.58788925750900
 6.00000000000000000 1039.04342713816072 1217.91483362602912 1051.58788925750900 1039.04342714226323 1051.58788926731609 1217.91483363385669
 6.00000000000000000 1089.45514928145190 1173.79156539158953 1051.94036521670978 1089.45514927984254 1219.54586699208653 1103.22233152025797
 6.00000000000000000 1173.79156539179053 1101.75121688690797 1039.04342714258996 1101.75121689188200 1173.79156539158953 1039.04342713583446
 6.00000000000000000 1039.04342714325003 1173.79156538959342 1101.75121688768263 1039.04342713843585 1101.75121689349680 1173.79156539157361
 6.00000000000000000 1103.22233152222748 1219.54586699208653 1089.45514928160560 1051.94036522203169 1173.79156538959342 1089.45514927770114
 6.00000000000000000 1051.58788926390685 1051.58788926731609 1207.13424657065502 1103.22233152314971 1103.22233152149875 1207.13424656846610
 6.00000000000000000 1217.91483362848817 1039.04342714454697 1217.91483363385669 1051.58788926390685 1039.04342714361314 1051.58788925775752
 6.00000000000000000 1103.22233152314971 1089.45514928274019 1173.79156539157361 1051.94036522174997 1089.45514928355442 1219.54586699218657
 6.00000000000000000 1173.79156539836845 1039.04342713881056 1173.79156538891607 1101.75121688621948 1039.04342713834217 1101.75121688828426
 6.00000000000000000 1089.45514928236867 1103.22233152149875 1219.54586699218657 1089.45514928001217 1051.94036522189094 1173.79156538891607
 6.00000000000000000 1103.22233152154422 1207.13424656691154 1051.58788925377917 1051.58788925775752 1207.13424657483756 1103.22233152528111
 6.00000000000000000 1039.04342714285303 1051.58788926481930 1217.91483363359066 1039.04342714874588 1217.91483362848817 1051.58788925377917
 6.00000000000000000 1162.27372446562413 1051.94036522564375 1101.75121688828426 1162.27372445355854 1101.75121688811828 1051.94036521539715
 6.00000000000000000 1219.54586698476237 1103.22233152528111 1089.45514928229477 1173.79156539836845 1051.94036522564375 1089.45514928505986
 6.00000000000000000 1039.04342713954179 1101.75121688558283 1173.79156538854204 1039.04342713831829 1173.79156539675137 1101.75121688871081
 6.00000000000000000 1051.94036522364968 1173.79156539675137 1089.45514928182342 1103.22233152154422 1219.54586698476237 1089.45514928009652
 6.00000000000000000 1101.75121688507625 1162.27372445602577 1101.75121688871081 1051.94036522364968 1162.27372445418678 1051.94036521495104
 6.00000000000000000 1103.22233151680962 1103.22233151841010 1207.13424657069868 1051.58788926877583 1051.58788926481930 1207.13424656885491
 6.00000000000000000 1051.58788926877583 1039.04342714456175 1051.58788925724571 1217.91483362494887 1039.04342714390350 1217.91483363359066
 6.00000000000000000 1101.75121688558579 1051.94036522372880 1162.27372445603010 1051.94036522372767 1101.75121688558283 1162.27372444793127
 6.00000000000000000 1051.94036522372767 1089.45514928222860 1219.54586699229822 1103.22233151680962 1089.45514927893328 1173.79156538854204
 6.00000000000000000 1101.75121688986724 1039.04342713796655 1101.75121688751506 1173.79156539134215 1039.04342714075915 1173.79156539174619
 6.00000000000000000 1089.45514928471539 1051.94036522063107 1173.79156539174619 1089.45514927831164 1103.22233151841010 1219.54586699229822
 6.00000000000000000 1051.94036522063448 1101.75121688987065 1162.27372445535116 1101.75121688986724 1051.94036522063107 1162.27372445516812
 6.00000000000000000 1207.13424656587358 1103.22233151505316 1103.22233152029025 1207.13424657298697 1051.58788926578609 1051.58788925724571
 6.00000000000000000 1173.79156539134215 1051.94036522607030 1089.45514928123021 1219.54586698709977 1103.22233151505316 1089.45514927791646
 6.00000000000000000 1219.54586698709977 1089.45514928245825 1051.94036521668681 1173.79156539179053 1089.45514928353577 1103.22233152029025
 6.00000000000000000 1217.91483362602912 1051.58788926187935 1039.04342714318273 1051.58788926578609 1217.91483362494887 1039.04342713726101
 6.00000000000000000 1051.58788926578609 1207.13424657298697 1103.22233152029025 1103.22233151505316 1207.13424656587358 1051.58788925724571
 6.00000000000000000 1039.04342714390350 1217.91483362494887 1051.58788925724571 1039.04342714456175 1051.58788926877583 1217.91483363359066
 6.00000000000000000 1089.45514928353577 1173.79156539179053 1051.94036521668681 1089.45514928245825 1219.54586698709977 1103.22233152029025
 6.00000000000000000 1173.79156539158953 1101.75121689188200 1039.04342714258996 1101.75121688690797 1173.79156539179053 1039.04342713583446
 6.00000000000000000 1039.04342714075915 1173.79156539134215 1101.75121688751506 1039.04342713796996 1101.75121688987065 1173.79156539174619
 6.00000000000000000 1103.22233151505316 1219.54586698709977 1089.45514928123021 1051.94036522607030 1173.79156539134215 1089.45514927791646
 6.00000000000000000 1051.58788926481930 1051.58788926877583 1207.13424657069868 1103.22233151841010 1103.22233151680962 1207.13424656885491
 6.00000000000000000 1217.91483362848817 1039.04342714874588 1217.91483363359066 1051.58788926481930 1039.04342714285303 1051.58788925377917
 6.00000000000000000 1103.22233151841010 1089.45514927831164 1173.79156539174619 1051.94036522063448 1089.45514928471857 1219.54586699229822
 6.00000000000000000 1173.79156539675137 1039.04342713831829 1173.79156538854204 1101.75121688558579 1039.04342713954406 1101.75121688871081
 6.00000000000000000 1089.45514927893328 1103.22233151680962 1219.54586699229822 1089.45514928222997 1051.94036522372880 1173.79156538854204
 6.00000000000000000 1103.22233152528111 1207.13424657483756 1051.58788925775752 1051.58788925377917 1207.13424656691154 1103.22233152154422
 6.00000000000000000 1039.04342714361314 1051.58788926390685 1217.91483363385669 1039.04342714454697 1217.91483362848817 1051.58788925775752
 6.00000000000000000 1162.27372445418678 1051.94036522364968 1101.75121688871081 1162.27372445602668 1101.75121688507693 1051.94036521495104
 6.00000000000000000 1219.54586698476237 1103.22233152154422 1089.45514928182342 1173.79156539675137 1051.94036522364968 1089.45514928009652
 6.00000000000000000 1039.04342713834217 1101.75121688621948 1173.79156538891607 1039.04342713881056 1173.79156539836845 1101.75121688828426
 6.00000000000000000 1051.94036522564375 1173.79156539836845 1089.45514928229477 1103.22233152528111 1219.54586698476237 1089.45514928505986
 6.00000000000000000 1101.75121688811828 1162.27372445355854 1101.75121688828426 1051.94036522564375 1162.27372446562413 1051.94036521539715
 6.00000000000000000 1103.22233152149875 1103.22233152314971 1207.13424657065502 1051.58788926731609 1051.58788926390685 1207.13424656846610
 6.00000000000000000 1051.58788926731609 1039.04342714226323 1051.58788925750900 1217.91483362602912 1039.04342713816072 1217.91483363385669
 6.00000000000000000 1101.75121688944955 1051.94036522556439 1162.27372445603010 1051.94036522189094 1101.75121688621948 1162.27372444793127
 6.00000000000000000 1051.94036522189094 1089.45514928001217 1219.54586699218657 1103.22233152149875 1089.45514928236867 1173.79156538891607
 6.00000000000000000 1101.75121689349680 1039.04342713843585 1101.75121688768263 1173.79156538959342 1039.04342714325003 1173.79156539157361
 6.00000000000000000 1089.45514928355442 1051.94036522174997 1173.79156539157361 1089.45514928274019 1103.22233152314971 1219.54586699218657
 6.00000000000000000 1051.94036521999419 1101.75121688785066 1162.27372445535116 1101.75121689349680 1051.94036522174997 1162.27372445516812
 6.00000000000000000 1207.13424656833922 1103.22233152222748 1103.22233152025797 1207.13424656937855 1051.58788926187935 1051.58788925750900
 6.00000000000000000 1173.79156538959342 1051.94036522203169 1089.45514928160560 1219.54586699208653 1103.22233152222748 1089.45514927770114
 6.00000000000000000 1219.54586699208653 1089.45514927984254 1051.94036521670978 1173.79156539158953 1089.45514928145190 1103.22233152025797
 6.00000000000000000 1217.91483362658187 1051.58788926437524 1039.04342714318273 1051.58788925799445 1217.91483362642907 1039.04342713726101
 6.00000000000000000 1051.58788925799445 1207.13424656959705 1103.22233152026183 1103.22233151697446 1207.13424656480674 1051.58788925773092
 6.00000000000000000 1039.04342714550626 1217.91483362642907 1051.58788925773092 1039.04342713447886 1051.58788926598686 1217.91483363491989
 6.00000000000000000 1089.45514928147145 1173.79156538875350 1051.94036521672251 1089.45514928058628 1219.54586698732396 1103.22233152026183
 6.00000000000000000 1173.79156539158225 1101.75121688935405 1039.04342714258996 1101.75121689182015 1173.79156538875350 1039.04342713583446
 6.00000000000000000 1039.04342714444988 1173.79156539206542 1101.75121688796025 1039.04342713929827 1101.75121688785066 1173.79156539184100
 6.00000000000000000 1103.22233151697446 1219.54586698732396 1089.45514928132911 1051.94036522104989 1173.79156539206542 1089.45514927776844
 6.00000000000000000 1051.58788926605189 1051.58788926598686 1207.13424656962093 1103.22233151464502 1103.22233151326986 1207.13424656851384
 6.00000000000000000 1217.91483362469262 1039.04342714648578 1217.91483363491989 1051.58788926605189 1039.04342714489167 1051.58788925494423
 6.00000000000000000 1103.22233151464502 1089.45514928006310 1173.79156539184100 1051.94036521999419 1089.45514928630155 1219.54586699236484
 6.00000000000000000 1173.79156539025871 1039.04342713230108 1173.79156538887310 1101.75121688944955 1039.04342714465042 1101.75121688956460
 6.00000000000000000 1089.45514927333443 1103.22233151326986 1219.54586699236484 1089.45514928444504 1051.94036522556439 1173.79156538887310
 6.00000000000000000 1207.13424656911934 1051.58788925460885 1051.58788925494423 1207.13424657180462 1103.22233152372928 1103.22233152580338
 6.00000000000000000 1039.04342714340351 1051.58788926661691 1217.91483363407610 1039.04342714439599 1217.91483362469262 1051.58788925460885
 6.00000000000000000 1162.27372444925186 1051.94036521760199 1101.75121688956460 1162.27372446367099 1101.75121688626132 1051.94036521160047
 6.00000000000000000 1219.54586698896287 1103.22233152372928 1089.45514928220177 1173.79156539025871 1051.94036521760199 1089.45514928175135
 6.00000000000000000 1039.04342714025324 1101.75121688831200 1173.79156538938810 1039.04342713871597 1173.79156539254109 1101.75121688820582
 6.00000000000000000 1051.94036522214174 1173.79156539254109 1089.45514927965428 1103.22233152580338 1219.54586698896287 1089.45514928534044
 6.00000000000000000 1101.75121688448758 1162.27372445523702 1101.75121688820582 1051.94036522214174 1162.27372446155982 1051.94036521461544
 6.00000000000000000 1103.22233152207036 1103.22233152026888 1207.13424657077553 1051.58788926880607 1051.58788926661691 1207.13424656904249
 6.00000000000000000 1051.58788926880607 1039.04342714504583 1051.58788925741464 1217.91483362658187 1039.04342713878555 1217.91483363407610
 6.00000000000000000 1051.94036522092688 1089.45514927638578 1219.54586699184779 1103.22233152207036 1089.45514928574175 1173.79156538938810
 6.00000000000000000 1101.75121688885952 1039.04342713659685 1101.75121688800618 1173.79156539078372 1039.04342714428753 1173.79156539186488
 6.00000000000000000 1089.45514928313719 1051.94036522142073 1173.79156539186488 1089.45514927960312 1103.22233152026888 1219.54586699184779
 6.00000000000000000 1207.13424656933057 1103.22233152311560 1103.22233152025160 1207.13424656797724 1051.58788926437524 1051.58788925741464
 6.00000000000000000 1173.79156539078372 1051.94036521908765 1089.45514928152784 1219.54586699257197 1103.22233152311560 1089.45514927771046
 6.00000000000000000 1219.54586699257197 1089.45514928202260 1051.94036521669864 1173.79156539158225 1089.45514928026932 1103.22233152025160
 6.00000000000000000 1217.91483366271200 1051.58788925577733 1039.04342712710809 1051.58788925577710 1217.91483366271200 1039.04342716867404
 6.00000000000000000 1207.13424657672726 1103.22233153142770 1103.22233152993522 1207.13424657535256 1051.58788925749514 1051.58788925577710
 6.00000000000000000 1217.91483366271200 1051.58788925749514 1039.04342712710809 1051.58788925125828 1217.91483365638214 1039.04342716867359
 6.00000000000000000 1089.45514928614966 1173.79156539643259 1051.94036521495104 1089.45514926991041 1219.54586699446600 1103.22233153142770
 6.00000000000000000 1173.79156539643418 1101.75121688507693 1039.04342713662300 1101.75121688507625 1173.79156539643259 1039.04342714184577
 6.00000000000000000 1173.79156540057443 1101.75121688811828 1039.04342713662300 1101.75121688626132 1173.79156538784878 1039.04342714184577
 6.00000000000000000 1219.54586699446600 1089.45514927538602 1051.94036521539715 1173.79156540057443 1089.45514928762213 1103.22233152993522
 6.00000000000000000 1051.58788925125828 1207.13424657327982 1103.22233153186198 1103.22233153134653 1207.13424657809446 1051.58788925465956
 6.00000000000000000 1217.91483365638214 1051.58788925465956 1039.04342712710809 1051.58788925569229 1217.91483366108696 1039.04342716867313
 6.00000000000000000 1089.45514928141733 1173.79156538784878 1051.94036521160047 1089.45514927425484 1219.54586699951028 1103.22233153186198
 6.00000000000000000 1173.79156539490987 1101.75121688448758 1039.04342713662300 1101.75121689169328 1173.79156540258964 1039.04342714184577
 6.00000000000000000 1219.54586699951028 1089.45514927476370 1051.94036521461544 1173.79156539490987 1089.45514928784246 1103.22233153134653
 6.00000000000000000 1207.13424657328937 1103.22233152867352 1103.22233152867352 1207.13424657328937 1051.58788925569229 1051.58788925569229
 6.00000000000000000 1217.91483366108696 1051.58788925569229 1039.04342712710809 1051.58788925465956 1217.91483365638214 1039.04342716867313
 6.00000000000000000 1089.45514928785883 1173.79156540258964 1051.94036521493581 1089.45514926859869 1219.54586698348930 1103.22233152867352
 6.00000000000000000 1173.79156540258964 1101.75121689169328 1039.04342713662300 1101.75121688448758 1173.79156539490987 1039.04342714184577
 6.00000000000000000 1219.54586698348930 1089.45514926859869 1051.94036521493581 1173.79156540258964 1089.45514928785883 1103.22233152867352
 6.00000000000000000 1207.13424657809446 1103.22233153134653 1103.22233153186198 1207.13424657327982 1051.58788925125828 1051.58788925465956
 6.00000000000000000 1217.91483365638214 1051.58788925125828 1039.04342712710809 1051.58788925749514 1217.91483366271200 1039.04342716867359
 6.00000000000000000 1089.45514928784246 1173.79156539490987 1051.94036521461544 1089.45514927476370 1219.54586699951028 1103.22233153134653
 6.00000000000000000 1173.79156538784878 1101.75121688626132 1039.04342713662300 1101.75121688811828 1173.79156540057443 1039.04342714184577
 6.00000000000000000 1219.54586699951028 1089.45514927425484 1051.94036521160047 1173.79156538784878 1089.45514928141733 1103.22233153186198
 6.00000000000000000 1051.58788925749514 1207.13424657535256 1103.22233152993522 1103.22233153142770 1207.13424657672772 1051.58788925577733
 6.00000000000000000 1089.45514928762213 1173.79156540057443 1051.94036521539715 1089.45514927538602 1219.54586699446600 1103.22233152993522
 6.00000000000000000 1219.54586699446600 1089.45514926991041 1051.94036521495104 1173.79156539643418 1089.45514928615125 1103.22233153142770
