 6.00000000000000000 741.275881773751735 527.041841695996595 741.275881770534852 527.041841695996595 741.275881773751735 527.041841681461278
 6.00000000000000000 741.275881771642617 527.041841693029255 741.275881782146939 527.041841696782740 741.275881775122912 527.041841690947081
 6.00000000000000000 741.275881774095865 527.041841695136213 741.275881782108172 527.041841694545724 741.275881772705588 527.041841690449019
 6.00000000000000000 741.275881772705588 527.041841694545724 741.275881782108172 527.041841695136213 741.275881774095865 527.041841690449019
 6.00000000000000000 741.275881775122912 527.041841696782740 741.275881782146939 527.041841693029255 741.275881771642617 527.041841690947081
 6.00000000000000000 527.041841692485491 741.275881784967169 527.041841681020969 741.275881784967169 527.041841692485491 741.275881768863314
 6.00000000000000000 527.041841693154765 741.275881783930686 527.041841698674148 741.275881782203328 527.041841691169907 741.275881780427653
 6.00000000000000000 527.041841692843946 741.275881783860200 527.041841693933293 741.275881783331556 527.041841689879448 741.275881780886152
 6.00000000000000000 527.041841689879448 741.275881783331556 527.041841693933293 741.275881783860200 527.041841692843946 741.275881780886152
 6.00000000000000000 527.041841691169907 741.275881782203328 527.041841698674148 741.275881783930686 527.041841693154765 741.275881780427653
 6.00000000000000000 741.275881783330192 527.041841689879107 741.275881780884106 527.041841692845082 741.275881783860541 527.041841693934543
 6.00000000000000000 741.275881782203328 527.041841691169907 741.275881780427653 527.041841693154765 741.275881783930686 527.041841698674148
 6.00000000000000000 741.275881784967169 527.041841692484581 741.275881768867634 527.041841692484581 741.275881784967169 527.041841681021538
 6.00000000000000000 741.275881783930686 527.041841693154765 741.275881780427653 527.041841691169907 741.275881782203328 527.041841698674148
 6.00000000000000000 741.275881783860541 527.041841692845082 741.275881780884106 527.041841689879107 741.275881783330192 527.041841693934543
 6.00000000000000000 527.041841694545155 741.275881772705134 527.041841690449473 741.275881774095978 527.041841695136100 741.275881782109309
 6.00000000000000000 527.041841696783081 741.275881775123366 527.041841690947081 741.275881771642617 527.041841693029255 741.275881782146939
 6.00000000000000000 527.041841695996823 741.275881773751962 527.041841681461960 741.275881773751962 527.041841695996823 741.275881770534966
 6.00000000000000000 527.041841693029255 741.275881771642617 527.041841690947081 741.275881775123366 527.041841696783081 741.275881782146939
 6.00000000000000000 527.041841695136100 741.275881774095978 527.041841690449473 741.275881772705134 527.041841694545155 741.275881782109309
 5.00000000000000000 753.194401351583906 753.194401351584133 753.194401349965801 753.194401350236262 753.194401349965801 741.275881782109309
 5.00000000000000000 753.194401349023678 753.194401351950546 753.194401350710109 753.194401349412033 753.194401352143473 741.275881782109309
 5.00000000000000000 753.194401349006057 753.194401349689315 753.194401350076760 753.194401347895564 753.194401352784780 741.275881782109309
 5.00000000000000000 753.194401348627025 753.194401345415258 753.194401345416168 753.194401348627025 753.194401339632350 741.275881782109309
 5.00000000000000000 753.194401347895564 753.194401350076760 753.194401349689315 753.194401349006057 753.194401352784780 741.275881782109309
 5.00000000000000000 753.194401349412033 753.194401350710109 753.194401351950546 753.194401349023678 753.194401352143473 741.275881782109309
 5.00000000000000000 753.194401345415372 753.194401348626343 753.194401339632691 753.194401348626343 753.194401345415372 741.275881782109309
 5.00000000000000000 753.194401347895564 753.194401352784780 753.194401349006057 753.194401349689315 753.194401350076760 741.275881782109309
 5.00000000000000000 753.194401350709200 753.194401349412487 753.194401352142904 753.194401349023224 753.194401351951001 741.275881782109309
 5.00000000000000000 753.194401349023224 753.194401352142904 753.194401349412487 753.194401350709200 753.194401351951001 741.275881782109309
 5.00000000000000000 753.194401349006057 753.194401352784780 753.194401347895564 753.194401350076760 753.194401349689315 741.275881782109309
 5.00000000000000000 753.194401349965801 753.194401351583906 753.194401351583906 753.194401349965801 753.194401350236262 741.275881782109309
 6.00000000000000000 700.901166875356466 474.127304684104274 749.732754679187906 474.127304684104274 700.901166875356466 742.759685603596495
 6.00000000000000000 701.015572409005017 526.359920135928974 701.015572399152688 701.015572396952621 526.359920136240817 701.015572399793086
 6.00000000000000000 700.901166867308689 474.127304682002318 749.732754681924007 474.127304683589955 700.901166875014951 742.759685612935073
 6.00000000000000000 526.359920136392589 701.015572397610072 701.015572399978055 526.359920136579035 701.015572402142084 701.015572403499391
 6.00000000000000000 700.901166874035084 474.127304684590911 749.732754682239602 474.127304682852866 700.901166873034185 742.759685612317526
 6.00000000000000000 526.359920136363485 701.015572398930885 701.015572398929294 526.359920136363485 701.015572403809415 701.015572403811689
 6.00000000000000000 700.901166873034185 474.127304682852866 749.732754682239602 474.127304684590911 700.901166874035084 742.759685612317526
 6.00000000000000000 526.359920136579035 701.015572399978055 701.015572397610072 526.359920136392589 701.015572403499391 701.015572402142084
 6.00000000000000000 700.901166875014951 474.127304683589955 749.732754681924007 474.127304682002318 700.901166867308689 742.759685612935073
 6.00000000000000000 701.015572399793086 526.359920136240817 701.015572396952621 701.015572399152688 526.359920135928974 701.015572409005017
 6.00000000000000000 700.901166872526460 474.127304695255873 749.732754670121153 474.127304692564223 700.901166871268970 742.759685610307201
 6.00000000000000000 701.015572395873960 526.359920129250554 701.015572406488786 701.015572395663412 526.359920131354556 701.015572401973259
 6.00000000000000000 742.759685610889733 700.901166873335569 474.127304698245723 749.732754668680172 474.127304697537113 700.901166874194473
 6.00000000000000000 701.015572399024109 701.015572402501903 526.359920135510947 701.015572400199289 701.015572399526718 526.359920133170590
 6.00000000000000000 700.901166869092435 742.759685610078805 700.901166869929057 474.127304694016004 749.732754669196083 474.127304699428066
 6.00000000000000000 749.732754672076339 474.127304694102577 700.901166872251565 742.759685610989095 700.901166870975203 474.127304696477552
 6.00000000000000000 701.015572398854488 701.015572401600821 526.359920130431533 701.015572401600821 701.015572398854488 526.359920129967804
 6.00000000000000000 474.127304698379305 749.732754670594773 474.127304695209716 700.901166872889803 742.759685611475788 700.901166872165845
 6.00000000000000000 526.359920133777564 701.015572398293102 701.015572398218410 526.359920130302612 701.015572395018239 701.015572399618918
 6.00000000000000000 700.901166870878114 474.127304693058306 749.732754669506676 474.127304692050075 700.901166870103793 742.759685611828445
 6.00000000000000000 701.015572395663298 526.359920131355011 701.015572401972577 701.015572395873960 526.359920129250213 701.015572406490151
 6.00000000000000000 742.759685610099496 700.901166872465524 474.127304690877452 749.732754672111355 474.127304698459227 700.901166873621605
 6.00000000000000000 701.015572400209180 701.015572401376289 526.359920132919569 701.015572404521663 701.015572400823658 526.359920132641264
 6.00000000000000000 700.901166870950306 742.759685611220334 700.901166871952455 474.127304693997246 749.732754668931420 474.127304699443300
 6.00000000000000000 749.732754669021233 474.127304693612473 700.901166874483010 742.759685604809533 700.901166870484417 474.127304688241338
 6.00000000000000000 474.127304698540627 749.732754668735311 474.127304690137237 700.901166872506792 742.759685610730003 700.901166862651962
 6.00000000000000000 526.359920128413933 701.015572393955040 701.015572398042423 526.359920128413933 701.015572393955040 701.015572398042423
 6.00000000000000000 700.901166872987005 474.127304693735823 749.732754666202482 474.127304693735823 700.901166872987005 742.759685600157468
 6.00000000000000000 701.015572398292875 526.359920133776768 701.015572399618236 701.015572395018239 526.359920130301816 701.015572398218410
 6.00000000000000000 742.759685608235827 700.901166869673943 474.127304698386695 749.732754669720066 474.127304697069690 700.901166877925220
 6.00000000000000000 701.015572400823658 701.015572404521663 526.359920132919569 701.015572401376289 701.015572400209180 526.359920132641264
 6.00000000000000000 700.901166870781140 742.759685608497762 700.901166872570229 474.127304693650387 749.732754669595010 474.127304690878645
 6.00000000000000000 749.732754669595010 474.127304693650387 700.901166874166165 742.759685607277106 700.901166870781140 474.127304690878645
 6.00000000000000000 474.127304697069690 749.732754669720066 474.127304698386695 700.901166869673943 742.759685608235827 700.901166877925220
 6.00000000000000000 526.359920130301816 701.015572395018239 701.015572399618236 526.359920133776768 701.015572398292875 701.015572398218410
 6.00000000000000000 700.901166870103793 474.127304692050075 749.732754669506676 474.127304693058306 700.901166870878114 742.759685611828445
 6.00000000000000000 701.015572393955040 526.359920128413933 701.015572398042423 701.015572393955040 526.359920128413933 701.015572398042423
 6.00000000000000000 742.759685610730003 700.901166872506792 474.127304690137237 749.732754668735311 474.127304698540627 700.901166862651962
 6.00000000000000000 701.015572399526718 701.015572400199289 526.359920135510947 701.015572402501903 701.015572399024109 526.359920133170590
 6.00000000000000000 700.901166870484417 742.759685604809533 700.901166874483010 474.127304693612473 749.732754669021233 474.127304688241338
 6.00000000000000000 749.732754668931420 474.127304693997246 700.901166871952455 742.759685611220334 700.901166870950306 474.127304699443300
 6.00000000000000000 474.127304698459227 749.732754672111355 474.127304690877452 700.901166872465524 742.759685610099496 700.901166873621605
 6.00000000000000000 526.359920129250213 701.015572395873960 701.015572401972577 526.359920131355011 701.015572395663298 701.015572406490151
 6.00000000000000000 700.901166871268970 474.127304692564223 749.732754670121153 474.127304695255873 700.901166872526460 742.759685610307201
 6.00000000000000000 701.015572395018239 526.359920130302612 701.015572398218410 701.015572398293102 526.359920133777564 701.015572399618918
 6.00000000000000000 742.759685611475788 700.901166872889803 474.127304695209716 749.732754670594773 474.127304698379305 700.901166872165845
 6.00000000000000000 700.901166870975203 742.759685610989095 700.901166872251565 474.127304694102577 749.732754672076339 474.127304696477552
 6.00000000000000000 749.732754669196083 474.127304694016004 700.901166869929057 742.759685610078805 700.901166869092435 474.127304699428066
 6.00000000000000000 474.127304697537113 749.732754668680172 474.127304698245723 700.901166873335569 742.759685610889733 700.901166874194473
 6.00000000000000000 526.359920131354556 701.015572395663412 701.015572406488786 526.359920129250554 701.015572395873960 701.015572401973259
 6.00000000000000000 474.127304693735880 700.901166872986892 742.759685600155080 700.901166872986892 474.127304693735880 749.732754666198957
 6.00000000000000000 749.732754669719270 474.127304697069405 700.901166877923856 742.759685608236623 700.901166869673943 474.127304698388286
 6.00000000000000000 701.015572401376289 701.015572400209408 526.359920132641264 701.015572400823430 701.015572404520981 526.359920132920706
 6.00000000000000000 474.127304693650331 749.732754669594328 474.127304690878418 700.901166870781708 742.759685608498671 700.901166872570116
 6.00000000000000000 526.359920136363485 701.015572403809756 701.015572403809756 526.359920136363485 701.015572398929748 701.015572398929748
 6.00000000000000000 742.759685607278016 700.901166870781708 474.127304690878418 749.732754669594328 474.127304693650331 700.901166874165938
 6.00000000000000000 701.015572404520981 701.015572400823430 526.359920132641264 701.015572400209408 701.015572401376289 526.359920132920706
 6.00000000000000000 700.901166869673943 742.759685608236623 700.901166877923856 474.127304697069405 749.732754669719270 474.127304698388286
 6.00000000000000000 474.127304692050075 700.901166870103793 742.759685611828445 700.901166870878114 474.127304693058306 749.732754669506676
 6.00000000000000000 749.732754672111582 474.127304698459227 700.901166873622969 742.759685610098813 700.901166872465524 474.127304690876713
 6.00000000000000000 474.127304693997417 749.732754668932330 474.127304699444437 700.901166870949396 742.759685611219879 700.901166871951204
 6.00000000000000000 526.359920136579035 701.015572402142084 701.015572403499391 526.359920136392589 701.015572397610072 701.015572399978055
 6.00000000000000000 742.759685604809533 700.901166870484417 474.127304688241338 749.732754669021233 474.127304693612473 700.901166874483010
 6.00000000000000000 701.015572400198607 701.015572399526036 526.359920133170590 701.015572399024109 701.015572402501903 526.359920135510947
 6.00000000000000000 700.901166872506792 742.759685610730003 700.901166862651962 474.127304698540627 749.732754668735311 474.127304690137237
 6.00000000000000000 474.127304692563087 700.901166871268401 742.759685610308566 700.901166872526460 474.127304695256214 749.732754670122517
 6.00000000000000000 749.732754668680514 474.127304697537113 700.901166874195837 742.759685610888482 700.901166873334773 474.127304698244984
 6.00000000000000000 474.127304694016004 749.732754669195174 474.127304699429772 700.901166869092322 742.759685610078236 700.901166869929966
 6.00000000000000000 526.359920136241044 701.015572399791836 701.015572409005358 526.359920135928974 701.015572399151893 701.015572396953303
 6.00000000000000000 742.759685610988868 700.901166870975317 474.127304696476926 749.732754672076112 474.127304694102577 700.901166872251565
 6.00000000000000000 701.015572401600593 701.015572398854715 526.359920129968600 701.015572398854715 701.015572401600593 526.359920130433466
 6.00000000000000000 700.901166872890030 742.759685611476357 700.901166872166868 474.127304698378509 749.732754670594659 474.127304695210285
 6.00000000000000000 474.127304695256214 700.901166872526460 742.759685610308566 700.901166871268401 474.127304692563087 749.732754670122517
 6.00000000000000000 749.732754670594659 474.127304698378509 700.901166872166868 742.759685611476357 700.901166872890030 474.127304695210285
 6.00000000000000000 474.127304694102577 749.732754672076112 474.127304696476926 700.901166870975317 742.759685610988868 700.901166872251565
 6.00000000000000000 701.015572399151893 526.359920135928974 701.015572409005358 701.015572399791836 526.359920136241044 701.015572396953303
 6.00000000000000000 742.759685610078236 700.901166869092322 474.127304699429772 749.732754669195174 474.127304694016004 700.901166869929966
 6.00000000000000000 701.015572402501903 701.015572399024109 526.359920133170590 701.015572399526036 701.015572400198607 526.359920135510947
 6.00000000000000000 700.901166873334773 742.759685610888482 700.901166874195837 474.127304697537113 749.732754668680514 474.127304698244984
 6.00000000000000000 474.127304693058306 700.901166870878114 742.759685611828445 700.901166870103793 474.127304692050075 749.732754669506676
 6.00000000000000000 749.732754668735311 474.127304698540627 700.901166862651962 742.759685610730003 700.901166872506792 474.127304690137237
 6.00000000000000000 474.127304693612473 749.732754669021233 474.127304688241338 700.901166870484417 742.759685604809533 700.901166874483010
 6.00000000000000000 526.359920136392589 701.015572403499391 701.015572402142084 526.359920136579035 701.015572399978055 701.015572397610072
 6.00000000000000000 742.759685611219879 700.901166870949396 474.127304699444437 749.732754668932330 474.127304693997417 700.901166871951204
 6.00000000000000000 700.901166872465524 742.759685610098813 700.901166873622969 474.127304698459227 749.732754672111582 474.127304690876713
 6.00000000000000000 474.127304684104274 700.901166875356012 742.759685603597859 700.901166875356012 474.127304684104274 749.732754679187906
 6.00000000000000000 474.127304683589898 700.901166875015178 742.759685612935073 700.901166867308689 474.127304682002318 749.732754681924348
 6.00000000000000000 474.127304682852866 700.901166873034185 742.759685612317526 700.901166874035084 474.127304684591024 749.732754682239602
 6.00000000000000000 474.127304684591024 700.901166874035084 742.759685612317526 700.901166873034185 474.127304682852866 749.732754682239602
 6.00000000000000000 474.127304682002318 700.901166867308689 742.759685612935073 700.901166875015178 474.127304683589898 749.732754681924348
 6.00000000000000000 740.324795299108928 415.222425699039547 753.194401350236262 415.222425699039547 740.324795299108928 749.732754679187906
 6.00000000000000000 724.036755523984198 474.127304683589955 740.324795303042947 740.324795299108928 474.127304684104274 724.036755525001354
 6.00000000000000000 740.324795301813651 415.222425699039547 753.194401349965801 415.222425699039547 740.324795303042947 749.732754681924007
 6.00000000000000000 730.904196747252513 526.359920136240817 730.904196745438412 653.559033082308133 527.041841695996595 653.559033080765857
 6.00000000000000000 701.015572396952621 505.207269461554233 724.036755525001354 700.901166875356466 513.770146549438209 730.904196745438412
 6.00000000000000000 653.559033082308133 513.770146549438209 742.759685603596495 513.770146549438209 653.559033082308133 741.275881770534852
 6.00000000000000000 653.559033081021425 513.770146548138428 742.759685612935073 513.770146550128288 653.559033083132817 741.275881782146939
 6.00000000000000000 513.770146550128288 700.901166875014951 724.036755523984198 505.207269461554233 701.015572399152688 730.904196742789736
 6.00000000000000000 527.041841696782740 653.559033083132817 730.904196742789736 526.359920135928974 730.904196741784972 653.559033082146811
 6.00000000000000000 724.036755525562398 474.127304682852866 740.324795298171580 740.324795301813651 474.127304682002318 724.036755527963464
 6.00000000000000000 740.324795301774657 415.222425699039547 753.194401351583906 415.222425699039547 740.324795298171580 749.732754682239602
 6.00000000000000000 730.904196743508237 526.359920136579035 730.904196735922710 653.559033081021425 527.041841693029255 653.559033080926724
 6.00000000000000000 701.015572399978055 505.207269461554233 724.036755527963464 700.901166867308689 513.770146548138428 730.904196735922710
 6.00000000000000000 653.559033080960603 513.770146549395236 742.759685612317526 513.770146549409105 653.559033083689997 741.275881782108172
 6.00000000000000000 513.770146549409105 700.901166873034185 724.036755525562398 505.207269461554233 701.015572397610072 730.904196740611496
 6.00000000000000000 527.041841694545724 653.559033083689997 730.904196740611496 526.359920136392589 730.904196743873513 653.559033087030343
 6.00000000000000000 724.036755523598458 474.127304684590911 740.324795301774998 740.324795301774657 474.127304684590911 724.036755523597890
 6.00000000000000000 740.324795298171580 415.222425699039547 753.194401351584133 415.222425699039547 740.324795301774998 749.732754682239602
 6.00000000000000000 730.904196743010175 526.359920136363485 730.904196740168459 653.559033080960603 527.041841695136213 653.559033079871256
 6.00000000000000000 701.015572398929294 505.207269461554233 724.036755523597890 700.901166874035084 513.770146549395236 730.904196740168459
 6.00000000000000000 653.559033083689997 513.770146549409105 742.759685612317526 513.770146549395236 653.559033080960603 741.275881782108172
 6.00000000000000000 513.770146549395236 700.901166874035084 724.036755523598458 505.207269461554233 701.015572398930885 730.904196740168459
 6.00000000000000000 527.041841695136213 653.559033080960603 730.904196740168459 526.359920136363485 730.904196743010175 653.559033079871256
 6.00000000000000000 724.036755527963464 474.127304682002318 740.324795301813651 740.324795298171580 474.127304682852866 724.036755525562398
 6.00000000000000000 740.324795303042947 415.222425699039547 753.194401349965801 415.222425699039547 740.324795301813651 749.732754681924007
 6.00000000000000000 730.904196743873513 526.359920136392589 730.904196740611496 653.559033083689997 527.041841694545724 653.559033087030343
 6.00000000000000000 701.015572397610072 505.207269461554233 724.036755525562398 700.901166873034185 513.770146549409105 730.904196740611496
 6.00000000000000000 653.559033083132817 513.770146550128288 742.759685612935073 513.770146548138428 653.559033081021425 741.275881782146939
 6.00000000000000000 513.770146548138428 700.901166867308689 724.036755527963464 505.207269461554233 701.015572399978055 730.904196735922710
 6.00000000000000000 527.041841693029255 653.559033081021425 730.904196735922710 526.359920136579035 730.904196743508237 653.559033080926724
 6.00000000000000000 474.127304684104274 740.324795299108928 740.324795303042947 474.127304683589955 724.036755523984198 724.036755525001354
 6.00000000000000000 730.904196741784972 526.359920135928974 730.904196742789736 653.559033083132817 527.041841696782740 653.559033082146811
 6.00000000000000000 701.015572399152688 505.207269461554233 724.036755523984198 700.901166875014951 513.770146550128288 730.904196742789736
 6.00000000000000000 513.770146549438209 700.901166875356466 724.036755525001354 505.207269461554233 701.015572396952621 730.904196745438412
 6.00000000000000000 527.041841695996595 653.559033082308133 730.904196745438412 526.359920136240817 730.904196747252513 653.559033080765857
 6.00000000000000000 740.324795302145390 415.222425665568210 753.194401352143473 415.222425668787650 740.324795302210191 749.732754670121153
 6.00000000000000000 724.036755526194156 474.127304697537113 740.324795301694166 740.324795302145390 474.127304695255873 724.036755520739234
 6.00000000000000000 749.732754668680172 740.324795298935214 415.222425663829313 753.194401349023678 415.222425665568210 740.324795301694166
 6.00000000000000000 730.904196745302102 526.359920131354556 730.904196742999261 653.559033078984385 527.041841689879107 653.559033084681346
 6.00000000000000000 701.015572395663412 505.207269459422037 724.036755520739234 700.901166872526460 513.770146547825107 730.904196742999261
 6.00000000000000000 653.559033078984385 513.770146547825107 742.759685610307201 513.770146545366856 653.559033079769847 741.275881780884106
 6.00000000000000000 741.275881782203328 653.559033074120975 513.770146554307303 742.759685610889733 513.770146550650793 653.559033080327254
 6.00000000000000000 730.904196744612022 513.770146550650793 700.901166874194473 724.036755526194156 505.207269459422037 701.015572406488786
 6.00000000000000000 653.559033081926827 527.041841691169907 653.559033080327254 730.904196744612022 526.359920129250554 730.904196736321410
 6.00000000000000000 724.036755523092779 724.036755521512760 474.127304699428066 740.324795304181066 740.324795298935214 474.127304698245723
 6.00000000000000000 740.324795304181066 749.732754669196083 740.324795303871724 415.222425665407741 753.194401351950546 415.222425663829313
 6.00000000000000000 653.559033077003392 730.904196741859209 526.359920133170590 730.904196742545651 653.559033074120975 527.041841698674148
 6.00000000000000000 730.904196742545651 701.015572399526718 505.207269464937383 724.036755523092779 700.901166873335569 513.770146554307303
 6.00000000000000000 653.559033083657368 741.275881775122912 653.559033082146811 513.770146549784499 742.759685610078805 513.770146553093923
 6.00000000000000000 701.015572400199289 730.904196744254818 513.770146553093923 700.901166869092435 724.036755521512760 505.207269464937383
 6.00000000000000000 730.904196744257206 653.559033081575080 527.041841690947081 653.559033083657368 730.904196744254818 526.359920135510947
 6.00000000000000000 474.127304694016004 724.036755526341949 724.036755524889600 474.127304694102577 740.324795297864739 740.324795303871724
 6.00000000000000000 753.194401350710109 415.222425665407741 740.324795297864739 749.732754672076339 740.324795305082716 415.222425665249659
 6.00000000000000000 513.770146549784499 730.904196741784972 701.015572409005017 505.207269456513131 724.036755526341949 700.901166869929057
 6.00000000000000000 742.759685610989095 513.770146550164327 653.559033080765857 741.275881773751735 653.559033082775727 513.770146550757431
 6.00000000000000000 724.036755524889600 505.207269456513131 701.015572399793086 730.904196747252513 513.770146550164327 700.901166872251565
 6.00000000000000000 740.324795300993401 740.324795305082716 474.127304696477552 724.036755520935799 724.036755522403951 474.127304695209716
 6.00000000000000000 415.222425668787650 753.194401349412033 415.222425665249659 740.324795300993401 749.732754670594773 740.324795296819616
 6.00000000000000000 730.904196742774502 653.559033082775727 527.041841681461278 653.559033082775727 730.904196742774502 526.359920130431533
 6.00000000000000000 724.036755520935799 700.901166870975203 513.770146550757431 730.904196742774502 701.015572401600821 505.207269462352883
 6.00000000000000000 513.770146551067228 742.759685611475788 513.770146549030187 653.559033080355448 741.275881784967169 653.559033080407971
 6.00000000000000000 700.901166872889803 724.036755522403951 505.207269462352883 701.015572398854488 730.904196742681734 513.770146549030187
 6.00000000000000000 653.559033080355448 730.904196742681734 526.359920129967804 730.904196742681734 653.559033080355448 527.041841681020969
 6.00000000000000000 474.127304692564223 740.324795302210191 740.324795296819616 474.127304698379305 724.036755526713364 724.036755521110308
 6.00000000000000000 526.359920130302612 730.904196746958974 653.559033080407971 527.041841692485491 653.559033081273810 730.904196743795751
 6.00000000000000000 505.207269461055830 724.036755526713364 700.901166872165845 513.770146551067228 730.904196746958974 701.015572398218410
 6.00000000000000000 513.770146545366856 700.901166871268970 724.036755521110308 505.207269461055830 701.015572398293102 730.904196741595115
 6.00000000000000000 527.041841692845082 653.559033079769847 730.904196741595115 526.359920133777564 730.904196746107914 653.559033082256292
 6.00000000000000000 740.324795301626750 415.222425666595257 753.194401352784780 415.222425666743959 740.324795302521807 749.732754669506676
 6.00000000000000000 724.036755525721333 474.127304698459227 740.324795298070285 740.324795301626750 474.127304693058306 724.036755522382350
 6.00000000000000000 749.732754672111355 740.324795302215421 415.222425665771539 753.194401349006057 415.222425666595257 740.324795298070285
 6.00000000000000000 730.904196744611113 526.359920129250213 730.904196736321410 653.559033081926827 527.041841691169907 653.559033080328618
 6.00000000000000000 701.015572395873960 505.207269458810742 724.036755522382350 700.901166870878114 513.770146549113861 730.904196736321410
 6.00000000000000000 653.559033081926827 513.770146549113861 742.759685611828445 513.770146550119080 653.559033082346104 741.275881780427653
 6.00000000000000000 741.275881783331556 653.559033075554566 513.770146557764292 742.759685610099496 513.770146549403762 653.559033084680095
 6.00000000000000000 730.904196745302443 513.770146549403762 700.901166873621605 724.036755525721333 505.207269458810742 701.015572401972577
 6.00000000000000000 653.559033078984044 527.041841689879448 653.559033084680095 730.904196745302443 526.359920131355011 730.904196742999261
 6.00000000000000000 724.036755524953833 724.036755522159979 474.127304699443300 740.324795304294867 740.324795302215421 474.127304690877452
 6.00000000000000000 740.324795304294867 749.732754668931420 740.324795302356620 415.222425665407741 753.194401349689315 415.222425665771539
 6.00000000000000000 653.559033075499997 730.904196741511669 526.359920132641264 730.904196740887528 653.559033075554566 527.041841693933293
 6.00000000000000000 730.904196740887528 701.015572400823658 505.207269457529378 724.036755524953833 700.901166872465524 513.770146557764292
 6.00000000000000000 653.559033083671352 741.275881772705588 653.559033087030343 513.770146548602384 742.759685611220334 513.770146547151285
 6.00000000000000000 701.015572404521663 730.904196746399521 513.770146547151285 700.901166870950306 724.036755522159979 505.207269457529378
 6.00000000000000000 730.904196740982570 653.559033079687879 527.041841690449019 653.559033083671352 730.904196746399521 526.359920132919569
 6.00000000000000000 474.127304693997246 724.036755526619913 724.036755523608463 474.127304693612473 740.324795303509063 740.324795302356620
 6.00000000000000000 753.194401350076760 415.222425665407741 740.324795303509063 749.732754669021233 740.324795304628651 415.222425668352855
 6.00000000000000000 513.770146548602384 730.904196743873513 701.015572403499391 505.207269456513131 724.036755526619913 700.901166871952455
 6.00000000000000000 742.759685604809533 513.770146548965272 653.559033080926724 741.275881771642617 653.559033081575080 513.770146552952269
 6.00000000000000000 724.036755523608463 505.207269456513131 701.015572402142084 730.904196743508237 513.770146548965272 700.901166874483010
 6.00000000000000000 740.324795298425897 740.324795304628651 474.127304688241338 724.036755522338126 724.036755522585167 474.127304690137237
 6.00000000000000000 415.222425666743959 753.194401347895564 415.222425668352855 740.324795298425897 749.732754668735311 740.324795300311621
 6.00000000000000000 724.036755522338126 700.901166870484417 513.770146552952269 730.904196744257206 701.015572402501903 505.207269462559509
 6.00000000000000000 513.770146550215372 742.759685610730003 513.770146552307096 653.559033077003392 741.275881783930686 653.559033080110680
 6.00000000000000000 700.901166872506792 724.036755522585167 505.207269462559509 701.015572399024109 730.904196741859209 513.770146552307096
 6.00000000000000000 474.127304692050075 740.324795302521807 740.324795300311621 474.127304698540627 724.036755525586841 724.036755529649668
 6.00000000000000000 526.359920128413933 730.904196744447859 653.559033080110680 527.041841693154765 653.559033082346104 730.904196740218367
 6.00000000000000000 505.207269456565314 724.036755525586841 700.901166862651962 513.770146550215372 730.904196744447859 701.015572398042423
 6.00000000000000000 513.770146550119080 700.901166870103793 724.036755529649668 505.207269456565314 701.015572393955040 730.904196740218367
 6.00000000000000000 527.041841693154765 653.559033082346104 730.904196740218367 526.359920128413933 730.904196744447859 653.559033080110680
 6.00000000000000000 740.324795301273980 415.222425668260428 753.194401339632350 415.222425668260428 740.324795301273980 749.732754666202482
 6.00000000000000000 724.036755523720331 474.127304697069690 740.324795299684979 740.324795301273980 474.127304693735823 724.036755523929173
 6.00000000000000000 749.732754669720066 740.324795300004553 415.222425668421351 753.194401348627025 415.222425668260428 740.324795299684979
 6.00000000000000000 730.904196746959201 526.359920130301816 730.904196743797002 653.559033081273128 527.041841692484581 653.559033080407630
 6.00000000000000000 701.015572395018239 505.207269457410916 724.036755523929173 700.901166872987005 513.770146548527237 730.904196743797002
 6.00000000000000000 653.559033081273128 513.770146548527237 742.759685600157468 513.770146548527237 653.559033081273128 741.275881768867634
 6.00000000000000000 741.275881783860200 653.559033075499997 513.770146558028614 742.759685608235827 513.770146547970285 653.559033082256633
 6.00000000000000000 730.904196746107914 513.770146547970285 700.901166877925220 724.036755523720331 505.207269457410916 701.015572399618236
 6.00000000000000000 653.559033079769279 527.041841692843946 653.559033082256633 730.904196746107914 526.359920133776768 730.904196741596138
 6.00000000000000000 724.036755522777412 724.036755524601176 474.127304690878645 740.324795306183660 740.324795300004553 474.127304698386695
 6.00000000000000000 740.324795306183660 749.732754669595010 740.324795302438815 415.222425665407741 753.194401345415258 415.222425668421351
 6.00000000000000000 653.559033075554566 730.904196740887528 526.359920132641264 730.904196741511669 653.559033075499997 527.041841693933293
 6.00000000000000000 730.904196741511669 701.015572400209180 505.207269460708801 724.036755522777412 700.901166869673943 513.770146558028614
 6.00000000000000000 653.559033079687879 741.275881774095865 653.559033079871256 513.770146549521883 742.759685608497762 513.770146557319890
 6.00000000000000000 701.015572401376289 730.904196740982570 513.770146557319890 700.901166870781140 724.036755524601176 505.207269460708801
 6.00000000000000000 730.904196746399521 653.559033083671352 527.041841690449019 653.559033079687879 730.904196740982570 526.359920132919569
 6.00000000000000000 740.324795302438815 474.127304693650387 724.036755523325155 724.036755523322768 474.127304693650387 740.324795302435859
 6.00000000000000000 753.194401345416168 415.222425665407741 740.324795302435859 749.732754669595010 740.324795306183660 415.222425668421351
 6.00000000000000000 513.770146549521883 730.904196743010175 701.015572403811689 505.207269456513131 724.036755523325155 700.901166872570229
 6.00000000000000000 742.759685607277106 513.770146549121364 653.559033079871256 741.275881774095865 653.559033079687879 513.770146557319890
 6.00000000000000000 724.036755523322768 505.207269456513131 701.015572403809415 730.904196743010175 513.770146549121364 700.901166874166165
 6.00000000000000000 740.324795300004553 740.324795306183660 474.127304690878645 724.036755524601176 724.036755522777412 474.127304698386695
 6.00000000000000000 415.222425668260428 753.194401348627025 415.222425668421351 740.324795300004553 749.732754669720066 740.324795299684979
 6.00000000000000000 724.036755524601176 700.901166870781140 513.770146557319890 730.904196740982570 701.015572401376289 505.207269460708801
 6.00000000000000000 513.770146547970285 742.759685608235827 513.770146558028614 653.559033075499997 741.275881783860200 653.559033082256633
 6.00000000000000000 700.901166869673943 724.036755522777412 505.207269460708801 701.015572400209180 730.904196741511669 513.770146558028614
 6.00000000000000000 474.127304693735823 740.324795301273980 740.324795299684979 474.127304697069690 724.036755523720331 724.036755523929173
 6.00000000000000000 526.359920133776768 730.904196746107914 653.559033082256633 527.041841692843946 653.559033079769279 730.904196741596138
 6.00000000000000000 505.207269457410916 724.036755523720331 700.901166877925220 513.770146547970285 730.904196746107914 701.015572399618236
 6.00000000000000000 513.770146548527237 700.901166872987005 724.036755523929173 505.207269457410916 701.015572395018239 730.904196743797002
 6.00000000000000000 527.041841692484581 653.559033081273128 730.904196743797002 526.359920130301816 730.904196746959201 653.559033080407630
 6.00000000000000000 740.324795302521807 415.222425666743959 753.194401352784780 415.222425666595257 740.324795301626750 749.732754669506676
 6.00000000000000000 724.036755525586841 474.127304698540627 740.324795300311621 740.324795302521807 474.127304692050075 724.036755529649668
 6.00000000000000000 749.732754668735311 740.324795298425897 415.222425668352855 753.194401347895564 415.222425666743959 740.324795300311621
 6.00000000000000000 730.904196744447859 526.359920128413933 730.904196740218367 653.559033082346104 527.041841693154765 653.559033080110680
 6.00000000000000000 701.015572393955040 505.207269456565314 724.036755529649668 700.901166870103793 513.770146550119080 730.904196740218367
 6.00000000000000000 653.559033082346104 513.770146550119080 742.759685611828445 513.770146549113861 653.559033081926827 741.275881780427653
 6.00000000000000000 741.275881783930686 653.559033077003392 513.770146552307096 742.759685610730003 513.770146550215372 653.559033080110680
 6.00000000000000000 730.904196744447859 513.770146550215372 700.901166862651962 724.036755525586841 505.207269456565314 701.015572398042423
 6.00000000000000000 653.559033082346104 527.041841693154765 653.559033080110680 730.904196744447859 526.359920128413933 730.904196740218367
 6.00000000000000000 724.036755522585167 724.036755522338126 474.127304688241338 740.324795304628651 740.324795298425897 474.127304690137237
 6.00000000000000000 740.324795304628651 749.732754669021233 740.324795303509063 415.222425665407741 753.194401350076760 415.222425668352855
 6.00000000000000000 653.559033074120975 730.904196742545651 526.359920133170590 730.904196741859209 653.559033077003392 527.041841698674148
 6.00000000000000000 730.904196741859209 701.015572399024109 505.207269462559509 724.036755522585167 700.901166872506792 513.770146552307096
 6.00000000000000000 653.559033081575080 741.275881771642617 653.559033080926724 513.770146548965272 742.759685604809533 513.770146552952269
 6.00000000000000000 701.015572402501903 730.904196744257206 513.770146552952269 700.901166870484417 724.036755522338126 505.207269462559509
 6.00000000000000000 730.904196744254818 653.559033083657368 527.041841690947081 653.559033081575080 730.904196744257206 526.359920135510947
 6.00000000000000000 740.324795303509063 474.127304693612473 724.036755523608463 724.036755526619913 474.127304693997246 740.324795302356620
 6.00000000000000000 753.194401349689315 415.222425665407741 740.324795302356620 749.732754668931420 740.324795304294867 415.222425665771539
 6.00000000000000000 513.770146548965272 730.904196743508237 701.015572402142084 505.207269456513131 724.036755523608463 700.901166874483010
 6.00000000000000000 742.759685611220334 513.770146548602384 653.559033087030343 741.275881772705588 653.559033083671352 513.770146547151285
 6.00000000000000000 724.036755526619913 505.207269456513131 701.015572403499391 730.904196743873513 513.770146548602384 700.901166871952455
 6.00000000000000000 740.324795302215421 740.324795304294867 474.127304699443300 724.036755522159979 724.036755524953833 474.127304690877452
 6.00000000000000000 415.222425666595257 753.194401349006057 415.222425665771539 740.324795302215421 749.732754672111355 740.324795298070285
 6.00000000000000000 724.036755522159979 700.901166870950306 513.770146547151285 730.904196746399521 701.015572404521663 505.207269457529378
 6.00000000000000000 513.770146549403762 742.759685610099496 513.770146557764292 653.559033075554566 741.275881783331556 653.559033084680095
 6.00000000000000000 700.901166872465524 724.036755524953833 505.207269457529378 701.015572400823658 730.904196740887528 513.770146557764292
 6.00000000000000000 474.127304693058306 740.324795301626750 740.324795298070285 474.127304698459227 724.036755525721333 724.036755522382350
 6.00000000000000000 526.359920131355011 730.904196745302443 653.559033084680095 527.041841689879448 653.559033078984044 730.904196742999261
 6.00000000000000000 505.207269458810742 724.036755525721333 700.901166873621605 513.770146549403762 730.904196745302443 701.015572401972577
 6.00000000000000000 513.770146549113861 700.901166870878114 724.036755522382350 505.207269458810742 701.015572395873960 730.904196736321410
 6.00000000000000000 527.041841691169907 653.559033081926827 730.904196736321410 526.359920129250213 730.904196744611113 653.559033080328618
 6.00000000000000000 740.324795302210191 415.222425668787650 753.194401352143473 415.222425665568210 740.324795302145390 749.732754670121153
 6.00000000000000000 724.036755526713364 474.127304698379305 740.324795296819616 740.324795302210191 474.127304692564223 724.036755521110308
 6.00000000000000000 749.732754670594773 740.324795300993401 415.222425665249659 753.194401349412033 415.222425668787650 740.324795296819616
 6.00000000000000000 730.904196746107914 526.359920133777564 730.904196741595115 653.559033079769847 527.041841692845082 653.559033082256292
 6.00000000000000000 701.015572398293102 505.207269461055830 724.036755521110308 700.901166871268970 513.770146545366856 730.904196741595115
 6.00000000000000000 653.559033079769847 513.770146545366856 742.759685610307201 513.770146547825107 653.559033078984385 741.275881780884106
 6.00000000000000000 741.275881784967169 653.559033080355448 513.770146549030187 742.759685611475788 513.770146551067228 653.559033080407971
 6.00000000000000000 730.904196746958974 513.770146551067228 700.901166872165845 724.036755526713364 505.207269461055830 701.015572398218410
 6.00000000000000000 653.559033081273810 527.041841692485491 653.559033080407971 730.904196746958974 526.359920130302612 730.904196743795751
 6.00000000000000000 724.036755522403951 724.036755520935799 474.127304696477552 740.324795305082716 740.324795300993401 474.127304695209716
 6.00000000000000000 740.324795305082716 749.732754672076339 740.324795297864739 415.222425665407741 753.194401350710109 415.222425665249659
 6.00000000000000000 730.904196742681734 701.015572398854488 505.207269462352883 724.036755522403951 700.901166872889803 513.770146549030187
 6.00000000000000000 653.559033082775727 741.275881773751735 653.559033080765857 513.770146550164327 742.759685610989095 513.770146550757431
 6.00000000000000000 701.015572401600821 730.904196742774502 513.770146550757431 700.901166870975203 724.036755520935799 505.207269462352883
 6.00000000000000000 740.324795297864739 474.127304694102577 724.036755524889600 724.036755526341949 474.127304694016004 740.324795303871724
 6.00000000000000000 753.194401351950546 415.222425665407741 740.324795303871724 749.732754669196083 740.324795304181066 415.222425663829313
 6.00000000000000000 513.770146550164327 730.904196747252513 701.015572399793086 505.207269456513131 724.036755524889600 700.901166872251565
 6.00000000000000000 742.759685610078805 513.770146549784499 653.559033082146811 741.275881775122912 653.559033083657368 513.770146553093923
 6.00000000000000000 724.036755526341949 505.207269456513131 701.015572409005017 730.904196741784972 513.770146549784499 700.901166869929057
 6.00000000000000000 740.324795298935214 740.324795304181066 474.127304699428066 724.036755521512760 724.036755523092779 474.127304698245723
 6.00000000000000000 415.222425665568210 753.194401349023678 415.222425663829313 740.324795298935214 749.732754668680172 740.324795301694166
 6.00000000000000000 724.036755521512760 700.901166869092435 513.770146553093923 730.904196744254818 701.015572400199289 505.207269464937383
 6.00000000000000000 513.770146550650793 742.759685610889733 513.770146554307303 653.559033074120975 741.275881782203328 653.559033080327254
 6.00000000000000000 700.901166873335569 724.036755523092779 505.207269464937383 701.015572399526718 730.904196742545651 513.770146554307303
 6.00000000000000000 474.127304695255873 740.324795302145390 740.324795301694166 474.127304697537113 724.036755526194156 724.036755520739234
 6.00000000000000000 526.359920129250554 730.904196744612022 653.559033080327254 527.041841691169907 653.559033081926827 730.904196736321410
 6.00000000000000000 505.207269459422037 724.036755526194156 700.901166874194473 513.770146550650793 730.904196744612022 701.015572406488786
 6.00000000000000000 513.770146547825107 700.901166872526460 724.036755520739234 505.207269459422037 701.015572395663412 730.904196742999261
 6.00000000000000000 527.041841689879107 653.559033078984385 730.904196742999261 526.359920131354556 730.904196745302102 653.559033084681346
 6.00000000000000000 415.222425668260030 740.324795301274321 749.732754666198957 740.324795301274321 415.222425668260030 753.194401339632691
 6.00000000000000000 740.324795301274321 474.127304693735880 724.036755523929401 724.036755523721013 474.127304697069405 740.324795299686116
 6.00000000000000000 753.194401348626343 415.222425668260030 740.324795299686116 749.732754669719270 740.324795300004666 415.222425668421636
 6.00000000000000000 700.901166872986892 513.770146548527578 730.904196743795751 701.015572395018239 505.207269457410746 724.036755523929401
 6.00000000000000000 513.770146548527578 653.559033081273810 741.275881768863314 653.559033081273810 513.770146548527578 742.759685600155080
 6.00000000000000000 742.759685608236623 513.770146547970512 653.559033082256292 741.275881783860541 653.559033075499201 513.770146558028955
 6.00000000000000000 724.036755523721013 505.207269457410746 701.015572399618918 730.904196746107914 513.770146547970512 700.901166877923856
 6.00000000000000000 740.324795306183887 740.324795300004666 474.127304698388286 724.036755522777412 724.036755524602086 474.127304690878418
 6.00000000000000000 415.222425665407741 753.194401345415372 415.222425668421636 740.324795306183887 749.732754669594328 740.324795302436542
 6.00000000000000000 730.904196741511328 653.559033075499201 527.041841693934543 653.559033075554112 730.904196740887528 526.359920132641264
 6.00000000000000000 724.036755522777412 700.901166869673943 513.770146558028955 730.904196741511328 701.015572400209408 505.207269460707948
 6.00000000000000000 513.770146549522110 742.759685608498671 513.770146557318867 653.559033079687651 741.275881774095978 653.559033079870460
 6.00000000000000000 700.901166870781708 724.036755524602086 505.207269460707948 701.015572401376289 730.904196740982684 513.770146557318867
 6.00000000000000000 653.559033079687651 730.904196740982684 526.359920132920706 730.904196746398270 653.559033083671011 527.041841690449473
 6.00000000000000000 724.036755523322540 474.127304693650331 740.324795302436542 740.324795302436542 474.127304693650331 724.036755523322540
 6.00000000000000000 749.732754669594328 740.324795306183887 415.222425668421636 753.194401345415372 415.222425665407741 740.324795302436542
 6.00000000000000000 526.359920136363485 730.904196743009948 653.559033079870460 527.041841695136100 653.559033080960148 730.904196740168231
 6.00000000000000000 505.207269456513131 724.036755523322540 700.901166872570116 513.770146549522110 730.904196743009948 701.015572403809756
 6.00000000000000000 741.275881774095978 653.559033079687651 513.770146557318867 742.759685607278016 513.770146549121591 653.559033079870460
 6.00000000000000000 730.904196743009948 513.770146549121591 700.901166874165938 724.036755523322540 505.207269456513131 701.015572403809756
 6.00000000000000000 653.559033080960148 527.041841695136100 653.559033079870460 730.904196743009948 526.359920136363485 730.904196740168231
 6.00000000000000000 724.036755524602086 724.036755522777412 474.127304698388286 740.324795300004666 740.324795306183887 474.127304690878418
 6.00000000000000000 740.324795300004666 749.732754669719270 740.324795299686116 415.222425668260030 753.194401348626343 415.222425668421636
 6.00000000000000000 653.559033083671011 730.904196746398270 526.359920132920706 730.904196740982684 653.559033079687651 527.041841690449473
 6.00000000000000000 730.904196740982684 701.015572401376289 505.207269460707948 724.036755524602086 700.901166870781708 513.770146557318867
 6.00000000000000000 653.559033075499201 741.275881783860541 653.559033082256292 513.770146547970512 742.759685608236623 513.770146558028955
 6.00000000000000000 701.015572400209408 730.904196741511328 513.770146558028955 700.901166869673943 724.036755522777412 505.207269460707948
 6.00000000000000000 730.904196740887528 653.559033075554112 527.041841693934543 653.559033075499201 730.904196741511328 526.359920132641264
 6.00000000000000000 474.127304697069405 724.036755523721013 724.036755523929401 474.127304693735880 740.324795301274321 740.324795299686116
 6.00000000000000000 513.770146547970512 730.904196746107914 701.015572399618918 505.207269457410746 724.036755523721013 700.901166877923856
 6.00000000000000000 505.207269457410746 701.015572395018239 730.904196743795751 513.770146548527578 700.901166872986892 724.036755523929401
 6.00000000000000000 415.222425666743959 740.324795302521807 749.732754669506676 740.324795301626750 415.222425666595257 753.194401352784780
 6.00000000000000000 740.324795301626750 474.127304693058306 724.036755522382350 724.036755525720878 474.127304698459227 740.324795298069034
 6.00000000000000000 753.194401349006057 415.222425666595257 740.324795298069034 749.732754672111582 740.324795302214056 415.222425665772789
 6.00000000000000000 700.901166870878114 513.770146549113861 730.904196736321410 701.015572395873960 505.207269458810742 724.036755522382350
 6.00000000000000000 513.770146550119080 653.559033082346104 741.275881780427653 653.559033081926827 513.770146549113861 742.759685611828445
 6.00000000000000000 742.759685610098813 513.770146549403762 653.559033084681346 741.275881783330192 653.559033075554112 513.770146557764974
 6.00000000000000000 724.036755525720878 505.207269458810742 701.015572401973259 730.904196745302102 513.770146549403762 700.901166873622969
 6.00000000000000000 740.324795304294412 740.324795302214056 474.127304690876713 724.036755524953833 724.036755522158387 474.127304699444437
 6.00000000000000000 415.222425665407741 753.194401349689315 415.222425665772789 740.324795304294412 749.732754668932330 740.324795302355710
 6.00000000000000000 724.036755524953833 700.901166872465524 513.770146557764974 730.904196740887528 701.015572400823430 505.207269457530629
 6.00000000000000000 513.770146548602384 742.759685611219879 513.770146547153445 653.559033083671011 741.275881772705134 653.559033087031594
 6.00000000000000000 700.901166870949396 724.036755522158387 505.207269457530629 701.015572404520981 730.904196746398270 513.770146547153445
 6.00000000000000000 474.127304693612473 740.324795303509063 740.324795302355710 474.127304693997417 724.036755526620709 724.036755523608463
 6.00000000000000000 749.732754669021233 740.324795304628651 415.222425668352855 753.194401350076760 415.222425665407741 740.324795303509063
 6.00000000000000000 526.359920136392589 730.904196743873172 653.559033087031594 527.041841694545155 653.559033083689769 730.904196740611496
 6.00000000000000000 505.207269456513131 724.036755526620709 700.901166871951204 513.770146548602384 730.904196743873172 701.015572403499391
 6.00000000000000000 741.275881771642617 653.559033081575080 513.770146552952269 742.759685604809533 513.770146548965272 653.559033080926724
 6.00000000000000000 730.904196743508237 513.770146548965272 700.901166874483010 724.036755523608463 505.207269456513131 701.015572402142084
 6.00000000000000000 653.559033081021425 527.041841693029255 653.559033080926724 730.904196743508237 526.359920136579035 730.904196735922710
 6.00000000000000000 724.036755522338126 724.036755522585167 474.127304690137237 740.324795298425897 740.324795304628651 474.127304688241338
 6.00000000000000000 740.324795298425897 749.732754668735311 740.324795300311621 415.222425666743959 753.194401347895564 415.222425668352855
 6.00000000000000000 653.559033083657823 730.904196744255387 526.359920135510947 730.904196744257206 653.559033081575080 527.041841690947081
 6.00000000000000000 730.904196744257206 701.015572402501903 505.207269462559509 724.036755522338126 700.901166870484417 513.770146552952269
 6.00000000000000000 653.559033077003392 741.275881783930686 653.559033080110680 513.770146550215372 742.759685610730003 513.770146552307096
 6.00000000000000000 701.015572399024109 730.904196741859209 513.770146552307096 700.901166872506792 724.036755522585167 505.207269462559509
 6.00000000000000000 730.904196742545651 653.559033074120975 527.041841698674148 653.559033077003392 730.904196741859209 526.359920133170590
 6.00000000000000000 474.127304698540627 724.036755525586841 724.036755529649668 474.127304692050075 740.324795302521807 740.324795300311621
 6.00000000000000000 513.770146550215372 730.904196744447859 701.015572398042423 505.207269456565314 724.036755525586841 700.901166862651962
 6.00000000000000000 505.207269456565314 701.015572393955040 730.904196740218367 513.770146550119080 700.901166870103793 724.036755529649668
 6.00000000000000000 415.222425668788446 740.324795302209736 749.732754670122517 740.324795302145731 415.222425665568210 753.194401352142904
 6.00000000000000000 740.324795302145731 474.127304695256214 724.036755520737870 724.036755526194383 474.127304697537113 740.324795301693484
 6.00000000000000000 753.194401349023224 415.222425665568210 740.324795301693484 749.732754668680514 740.324795298936237 415.222425663829313
 6.00000000000000000 700.901166872526460 513.770146547824766 730.904196742999261 701.015572395663298 505.207269459422037 724.036755520737870
 6.00000000000000000 513.770146545366401 653.559033079769279 741.275881780886152 653.559033078984044 513.770146547824766 742.759685610308566
 6.00000000000000000 742.759685610888482 513.770146550649315 653.559033080328618 741.275881782203328 653.559033074120975 513.770146554308553
 6.00000000000000000 724.036755526194383 505.207269459422037 701.015572406490151 730.904196744611113 513.770146550649315 700.901166874195837
 6.00000000000000000 740.324795304180839 740.324795298936237 474.127304698244984 724.036755523093461 724.036755521513101 474.127304699429772
 6.00000000000000000 415.222425665407741 753.194401351951001 415.222425663829313 740.324795304180839 749.732754669195174 740.324795303871724
 6.00000000000000000 724.036755523093461 700.901166873334773 513.770146554308553 730.904196742545651 701.015572399526036 505.207269464937383
 6.00000000000000000 513.770146549784386 742.759685610078236 513.770146553092900 653.559033083657823 741.275881775123366 653.559033082145447
 6.00000000000000000 700.901166869092322 724.036755521513101 505.207269464937383 701.015572400198607 730.904196744255387 513.770146553092900
 6.00000000000000000 724.036755524890054 474.127304694102577 740.324795297865194 740.324795303871724 474.127304694016004 724.036755526341949
 6.00000000000000000 749.732754672076112 740.324795305082830 415.222425665249375 753.194401350709200 415.222425665407741 740.324795297865194
 6.00000000000000000 526.359920135928974 730.904196741785654 653.559033082145447 527.041841696783081 653.559033083132817 730.904196742790418
 6.00000000000000000 505.207269456513131 724.036755526341949 700.901166869929966 513.770146549784386 730.904196741785654 701.015572409005358
 6.00000000000000000 741.275881773751962 653.559033082775727 513.770146550757431 742.759685610988868 513.770146550164100 653.559033080765857
 6.00000000000000000 730.904196747252740 513.770146550164100 700.901166872251565 724.036755524890054 505.207269456513131 701.015572399791836
 6.00000000000000000 653.559033082308247 527.041841695996823 653.559033080765857 730.904196747252740 526.359920136241044 730.904196745438071
 6.00000000000000000 724.036755520936254 724.036755522403951 474.127304695210285 740.324795300993401 740.324795305082830 474.127304696476926
 6.00000000000000000 740.324795300993401 749.732754670594659 740.324795296819616 415.222425668788446 753.194401349412487 415.222425665249375
 6.00000000000000000 653.559033082775727 730.904196742774275 526.359920130433466 730.904196742774275 653.559033082775727 527.041841681461960
 6.00000000000000000 730.904196742774275 701.015572401600593 505.207269462352542 724.036755520936254 700.901166870975317 513.770146550757431
 6.00000000000000000 653.559033080356016 741.275881784967169 653.559033080407630 513.770146551067796 742.759685611476357 513.770146549028709
 6.00000000000000000 701.015572398854715 730.904196742682188 513.770146549028709 700.901166872890030 724.036755522403951 505.207269462352542
 6.00000000000000000 730.904196742682188 653.559033080356016 527.041841681021538 653.559033080356016 730.904196742682188 526.359920129968600
 6.00000000000000000 474.127304698378509 724.036755526713364 724.036755521109626 474.127304692563087 740.324795302209736 740.324795296819616
 6.00000000000000000 513.770146551067796 730.904196746959201 701.015572398218410 505.207269461056740 724.036755526713364 700.901166872166868
 6.00000000000000000 505.207269461056740 701.015572398292875 730.904196741596138 513.770146545366401 700.901166871268401 724.036755521109626
 6.00000000000000000 415.222425665568210 740.324795302145731 749.732754670122517 740.324795302209736 415.222425668788446 753.194401352142904
 6.00000000000000000 740.324795302209736 474.127304692563087 724.036755521109626 724.036755526713364 474.127304698378509 740.324795296819616
 6.00000000000000000 753.194401349412487 415.222425668788446 740.324795296819616 749.732754670594659 740.324795300993401 415.222425665249375
 6.00000000000000000 700.901166871268401 513.770146545366401 730.904196741596138 701.015572398292875 505.207269461056740 724.036755521109626
 6.00000000000000000 513.770146547824766 653.559033078984044 741.275881780886152 653.559033079769279 513.770146545366401 742.759685610308566
 6.00000000000000000 742.759685611476357 513.770146551067796 653.559033080407630 741.275881784967169 653.559033080356016 513.770146549028709
 6.00000000000000000 724.036755526713364 505.207269461056740 701.015572398218410 730.904196746959201 513.770146551067796 700.901166872166868
 6.00000000000000000 740.324795305082830 740.324795300993401 474.127304695210285 724.036755522403951 724.036755520936254 474.127304696476926
 6.00000000000000000 415.222425665407741 753.194401350709200 415.222425665249375 740.324795305082830 749.732754672076112 740.324795297865194
 6.00000000000000000 724.036755522403951 700.901166872890030 513.770146549028709 730.904196742682188 701.015572398854715 505.207269462352542
 6.00000000000000000 513.770146550164100 742.759685610988868 513.770146550757431 653.559033082775727 741.275881773751962 653.559033080765857
 6.00000000000000000 700.901166870975317 724.036755520936254 505.207269462352542 701.015572401600593 730.904196742774275 513.770146550757431
 6.00000000000000000 724.036755526341949 474.127304694016004 740.324795303871724 740.324795297865194 474.127304694102577 724.036755524890054
 6.00000000000000000 749.732754669195174 740.324795304180839 415.222425663829313 753.194401351951001 415.222425665407741 740.324795303871724
 6.00000000000000000 526.359920136241044 730.904196747252740 653.559033080765857 527.041841695996823 653.559033082308247 730.904196745438071
 6.00000000000000000 505.207269456513131 724.036755524890054 700.901166872251565 513.770146550164100 730.904196747252740 701.015572399791836
 6.00000000000000000 741.275881775123366 653.559033083657823 513.770146553092900 742.759685610078236 513.770146549784386 653.559033082145447
 6.00000000000000000 730.904196741785654 513.770146549784386 700.901166869929966 724.036755526341949 505.207269456513131 701.015572409005358
 6.00000000000000000 653.559033083132817 527.041841696783081 653.559033082145447 730.904196741785654 526.359920135928974 730.904196742790418
 6.00000000000000000 724.036755521513101 724.036755523093461 474.127304698244984 740.324795298936237 740.324795304180839 474.127304699429772
 6.00000000000000000 740.324795298936237 749.732754668680514 740.324795301693484 415.222425665568210 753.194401349023224 415.222425663829313
 6.00000000000000000 653.559033081575080 730.904196744257206 526.359920135510947 730.904196744255387 653.559033083657823 527.041841690947081
 6.00000000000000000 730.904196744255387 701.015572400198607 505.207269464937383 724.036755521513101 700.901166869092322 513.770146553092900
 6.00000000000000000 653.559033074120975 741.275881782203328 653.559033080328618 513.770146550649315 742.759685610888482 513.770146554308553
 6.00000000000000000 701.015572399526036 730.904196742545651 513.770146554308553 700.901166873334773 724.036755523093461 505.207269464937383
 6.00000000000000000 730.904196741859209 653.559033077003392 527.041841698674148 653.559033074120975 730.904196742545651 526.359920133170590
 6.00000000000000000 474.127304697537113 724.036755526194383 724.036755520737870 474.127304695256214 740.324795302145731 740.324795301693484
 6.00000000000000000 513.770146550649315 730.904196744611113 701.015572406490151 505.207269459422037 724.036755526194383 700.901166874195837
 6.00000000000000000 505.207269459422037 701.015572395663298 730.904196742999261 513.770146547824766 700.901166872526460 724.036755520737870
 6.00000000000000000 415.222425666595257 740.324795301626750 749.732754669506676 740.324795302521807 415.222425666743959 753.194401352784780
 6.00000000000000000 740.324795302521807 474.127304692050075 724.036755529649668 724.036755525586841 474.127304698540627 740.324795300311621
 6.00000000000000000 753.194401347895564 415.222425666743959 740.324795300311621 749.732754668735311 740.324795298425897 415.222425668352855
 6.00000000000000000 700.901166870103793 513.770146550119080 730.904196740218367 701.015572393955040 505.207269456565314 724.036755529649668
 6.00000000000000000 513.770146549113861 653.559033081926827 741.275881780427653 653.559033082346104 513.770146550119080 742.759685611828445
 6.00000000000000000 742.759685610730003 513.770146550215372 653.559033080110680 741.275881783930686 653.559033077003392 513.770146552307096
 6.00000000000000000 724.036755525586841 505.207269456565314 701.015572398042423 730.904196744447859 513.770146550215372 700.901166862651962
 6.00000000000000000 740.324795304628651 740.324795298425897 474.127304690137237 724.036755522585167 724.036755522338126 474.127304688241338
 6.00000000000000000 415.222425665407741 753.194401350076760 415.222425668352855 740.324795304628651 749.732754669021233 740.324795303509063
 6.00000000000000000 724.036755522585167 700.901166872506792 513.770146552307096 730.904196741859209 701.015572399024109 505.207269462559509
 6.00000000000000000 513.770146548965272 742.759685604809533 513.770146552952269 653.559033081575080 741.275881771642617 653.559033080926724
 6.00000000000000000 700.901166870484417 724.036755522338126 505.207269462559509 701.015572402501903 730.904196744257206 513.770146552952269
 6.00000000000000000 474.127304693997417 740.324795302355710 740.324795303509063 474.127304693612473 724.036755523608463 724.036755526620709
 6.00000000000000000 749.732754668932330 740.324795304294412 415.222425665772789 753.194401349689315 415.222425665407741 740.324795302355710
 6.00000000000000000 526.359920136579035 730.904196743508237 653.559033080926724 527.041841693029255 653.559033081021425 730.904196735922710
 6.00000000000000000 505.207269456513131 724.036755523608463 700.901166874483010 513.770146548965272 730.904196743508237 701.015572402142084
 6.00000000000000000 741.275881772705134 653.559033083671011 513.770146547153445 742.759685611219879 513.770146548602384 653.559033087031594
 6.00000000000000000 730.904196743873172 513.770146548602384 700.901166871951204 724.036755526620709 505.207269456513131 701.015572403499391
 6.00000000000000000 653.559033083689769 527.041841694545155 653.559033087031594 730.904196743873172 526.359920136392589 730.904196740611496
 6.00000000000000000 724.036755522158387 724.036755524953833 474.127304690876713 740.324795302214056 740.324795304294412 474.127304699444437
 6.00000000000000000 740.324795302214056 749.732754672111582 740.324795298069034 415.222425666595257 753.194401349006057 415.222425665772789
 6.00000000000000000 730.904196746398270 701.015572404520981 505.207269457530629 724.036755522158387 700.901166870949396 513.770146547153445
 6.00000000000000000 653.559033075554112 741.275881783330192 653.559033084681346 513.770146549403762 742.759685610098813 513.770146557764974
 6.00000000000000000 701.015572400823430 730.904196740887528 513.770146557764974 700.901166872465524 724.036755524953833 505.207269457530629
 6.00000000000000000 474.127304698459227 724.036755525720878 724.036755522382350 474.127304693058306 740.324795301626750 740.324795298069034
 6.00000000000000000 513.770146549403762 730.904196745302102 701.015572401973259 505.207269458810742 724.036755525720878 700.901166873622969
 6.00000000000000000 505.207269458810742 701.015572395873960 730.904196736321410 513.770146549113861 700.901166870878114 724.036755522382350
 6.00000000000000000 415.222425699039547 740.324795299109041 749.732754679187906 740.324795299109041 415.222425699039547 753.194401350236262
 6.00000000000000000 474.127304684104274 724.036755525001013 724.036755523984425 474.127304683589898 740.324795303042720 740.324795299109041
 6.00000000000000000 415.222425699039547 740.324795303042720 749.732754681924348 740.324795301813651 415.222425699039547 753.194401349965801
 6.00000000000000000 700.901166875356012 513.770146549437868 730.904196745438071 701.015572396953303 505.207269461554233 724.036755525001013
 6.00000000000000000 513.770146549437868 653.559033082308247 741.275881770534966 653.559033082308247 513.770146549437868 742.759685603597859
 6.00000000000000000 513.770146550128288 653.559033083132817 741.275881782146939 653.559033081021425 513.770146548138428 742.759685612935073
 6.00000000000000000 505.207269461554233 701.015572399151893 730.904196742790418 513.770146550128288 700.901166875015178 724.036755523984425
 6.00000000000000000 740.324795301813651 474.127304682002318 724.036755527963464 724.036755525562626 474.127304682852866 740.324795298171580
 6.00000000000000000 415.222425699039547 740.324795298171580 749.732754682239602 740.324795301774657 415.222425699039547 753.194401351583906
 6.00000000000000000 700.901166867308689 513.770146548138428 730.904196735922710 701.015572399978055 505.207269461554233 724.036755527963464
 6.00000000000000000 513.770146549409219 653.559033083689769 741.275881782109309 653.559033080960148 513.770146549395008 742.759685612317526
 6.00000000000000000 505.207269461554233 701.015572397610072 730.904196740611496 513.770146549409219 700.901166873034185 724.036755525562626
 6.00000000000000000 474.127304684591024 724.036755523597776 724.036755523597776 474.127304684591024 740.324795301774657 740.324795301774657
 6.00000000000000000 415.222425699039547 740.324795301774657 749.732754682239602 740.324795298171580 415.222425699039547 753.194401351583906
 6.00000000000000000 700.901166874035084 513.770146549395008 730.904196740168231 701.015572398929748 505.207269461554233 724.036755523597776
 6.00000000000000000 513.770146549395008 653.559033080960148 741.275881782109309 653.559033083689769 513.770146549409219 742.759685612317526
 6.00000000000000000 505.207269461554233 701.015572398929748 730.904196740168231 513.770146549395008 700.901166874035084 724.036755523597776
 6.00000000000000000 474.127304682852866 724.036755525562626 724.036755527963464 474.127304682002318 740.324795301813651 740.324795298171580
 6.00000000000000000 415.222425699039547 740.324795301813651 749.732754681924348 740.324795303042720 415.222425699039547 753.194401349965801
 6.00000000000000000 700.901166873034185 513.770146549409219 730.904196740611496 701.015572397610072 505.207269461554233 724.036755525562626
 6.00000000000000000 513.770146548138428 653.559033081021425 741.275881782146939 653.559033083132817 513.770146550128288 742.759685612935073
 6.00000000000000000 505.207269461554233 701.015572399978055 730.904196735922710 513.770146548138428 700.901166867308689 724.036755527963464
 6.00000000000000000 740.324795303042720 474.127304683589898 724.036755523984425 724.036755525001013 474.127304684104274 740.324795299109041
 6.00000000000000000 700.901166875015178 513.770146550128288 730.904196742790418 701.015572399151893 505.207269461554233 724.036755523984425
 6.00000000000000000 505.207269461554233 701.015572396953303 730.904196745438071 513.770146549437868 700.901166875356012 724.036755525001013
