   8.53533948E-07
   8.53015820E-07
   1.41810540E-06
   1.41810540E-06
   8.53015820E-07
   5.03998088E-08
   3.33783447E-07
   0.00000000
   0.00000000
   3.33783447E-07
   6.36241850E-07
   4.66087158E-07
   4.26508251E-08
   4.66087158E-07
   6.36241850E-07
   1.16447256E-06
   1.25014424E-06
   8.53015706E-07
   1.25014424E-06
   1.16447256E-06
   0.00000000
   9.29855275E-07
   1.50761048E-06
   7.04640570E-07
   1.50761048E-06
   9.29855275E-07
   6.03978435E-07
   5.03315277E-07
   7.04641195E-07
   7.04641138E-07
   5.03315277E-07
   0.00000000
   2.40011364E-02
   1.75609868E-02
   2.40011886E-02
   1.75610837E-02
   2.40013078E-02
   1.75615437E-02
   2.40013059E-02
   1.75610837E-02
   2.40011886E-02
   1.75609868E-02
   2.39973944E-02
   1.75611041E-02
   2.39976346E-02
   1.75612364E-02
   2.39973664E-02
   2.39972975E-02
   1.75611135E-02
   2.39976719E-02
   1.75610762E-02
   2.39979699E-02
   1.75607353E-02
   2.39978191E-02
   1.75612569E-02
   2.39975806E-02
   2.39971783E-02
   2.39974875E-02
   1.75612252E-02
   2.39984561E-02
   1.75610296E-02
   2.39971224E-02
   1.75612569E-02
   2.39975750E-02
   2.39975732E-02
   2.39971224E-02
   1.75610296E-02
   2.39979699E-02
   1.75612252E-02
   2.39974875E-02
   1.75612364E-02
   2.39971783E-02
   2.39975806E-02
   2.39978191E-02
   1.75607353E-02
   2.39973944E-02
   1.75610762E-02
   2.39976719E-02
   2.39972975E-02
   2.39973664E-02
   2.39976346E-02
   1.75611041E-02
   2.39972603E-02
   2.39977073E-02
   1.75610781E-02
   2.39973534E-02
   1.75611470E-02
   2.39973534E-02
   1.75610781E-02
   2.39977073E-02
   2.39970963E-02
   2.39978060E-02
   2.39971206E-02
   1.75610837E-02
   2.39973012E-02
   1.75613072E-02
   2.39978079E-02
   2.39975471E-02
   2.39980947E-02
   2.39974707E-02
   1.75611991E-02
   2.39974800E-02
   1.75616276E-02
   2.39972919E-02
   2.39975471E-02
   2.39972919E-02
   2.39974782E-02
   1.75611991E-02
   2.39974726E-02
   1.75613072E-02
   2.39980947E-02
   2.39970963E-02
   2.39978079E-02
   2.39973012E-02
   1.75610837E-02
   2.39971206E-02
   2.39978060E-02
   2.40010414E-02
   2.40011904E-02
   2.40011457E-02
   2.40011457E-02
   2.40011904E-02
   6.46664901E-03
   2.01463103E-02
   6.46664063E-03
   4.43305494E-03
   1.41928876E-02
   5.75996563E-03
   5.75985992E-03
   1.41929574E-02
   4.43309685E-03
   2.01462042E-02
   6.46656565E-03
   4.43308474E-03
   1.41928047E-02
   5.75992651E-03
   1.41929723E-02
   4.43287008E-03
   2.01462042E-02
   6.46656565E-03
   4.43308521E-03
   1.41928755E-02
   5.75992651E-03
   1.41928745E-02
   4.43308474E-03
   2.01462042E-02
   6.46664063E-03
   4.43287008E-03
   1.41929733E-02
   5.75985992E-03
   1.41928056E-02
   4.43308521E-03
   2.01463103E-02
   4.43309685E-03
   1.41929574E-02
   1.41928894E-02
   4.43305494E-03
   6.45161048E-03
   2.01429334E-02
   6.45058090E-03
   4.43202909E-03
   1.41938878E-02
   5.75855374E-03
   5.75857470E-03
   1.41940601E-02
   4.43160487E-03
   2.01427843E-02
   6.45117648E-03
   4.43171524E-03
   1.41936084E-02
   5.75850904E-03
   1.41945248E-02
   4.43170639E-03
   2.01431196E-02
   6.45097019E-03
   1.41951377E-02
   5.75888157E-03
   1.41951544E-02
   2.01430153E-02
   6.45075925E-03
   4.43180697E-03
   1.41946385E-02
   5.75860962E-03
   1.41938692E-02
   4.43194294E-03
   2.01427098E-02
   4.43192245E-03
   1.41940014E-02
   1.41936401E-02
   4.43181861E-03
   6.45127147E-03
   2.01427173E-02
   6.45185122E-03
   4.43271687E-03
   1.41946236E-02
   5.75953536E-03
   5.75867621E-03
   1.41940378E-02
   4.43144562E-03
   2.01427545E-02
   6.45121885E-03
   4.43161139E-03
   1.41948424E-02
   5.75863756E-03
   1.41952513E-02
   4.43151826E-03
   2.01432370E-02
   6.45055482E-03
   1.41954469E-02
   5.75859519E-03
   1.41952597E-02
   2.01428086E-02
   6.45123282E-03
   1.41946487E-02
   5.75849554E-03
   1.41934035E-02
   2.01432649E-02
   4.43176227E-03
   1.41939623E-02
   1.41937127E-02
   4.43210592E-03
   6.45123376E-03
   2.01423299E-02
   6.45167800E-03
   4.43176227E-03
   1.41937053E-02
   5.75820589E-03
   5.75930299E-03
   1.41946198E-02
   4.43176366E-03
   2.01423168E-02
   6.45119557E-03
   4.43161139E-03
   1.41935470E-02
   5.75831393E-03
   1.41949244E-02
   4.43151873E-03
   2.01436225E-02
   6.45119557E-03
   1.41952485E-02
   5.75831346E-03
   1.41952494E-02
   2.01423168E-02
   6.45167800E-03
   1.41949235E-02
   5.75930392E-03
   1.41935451E-02
   2.01423280E-02
   4.43176366E-03
   1.41946198E-02
   1.41937053E-02
   4.43176180E-03
   6.45127147E-03
   2.01432649E-02
   6.45123282E-03
   4.43210592E-03
   1.41937127E-02
   5.75953536E-03
   5.75849554E-03
   1.41939605E-02
   4.43176227E-03
   2.01428086E-02
   6.45055482E-03
   4.43171524E-03
   1.41934035E-02
   5.75859519E-03
   1.41946487E-02
   4.43170639E-03
   2.01432370E-02
   6.45121792E-03
   1.41952597E-02
   5.75863756E-03
   1.41954469E-02
   2.01427564E-02
   6.45185122E-03
   1.41952513E-02
   5.75867668E-03
   1.41948434E-02
   2.01427173E-02
   4.43144562E-03
   1.41940368E-02
   1.41946226E-02
   4.43271687E-03
   6.45161048E-03
   2.01427080E-02
   6.45075878E-03
   4.43181815E-03
   1.41936392E-02
   5.75855374E-03
   5.75860916E-03
   1.41940014E-02
   4.43192245E-03
   2.01430172E-02
   6.45097019E-03
   1.41938692E-02
   5.75888157E-03
   1.41946385E-02
   2.01431215E-02
   6.45117695E-03
   1.41951544E-02
   5.75850857E-03
   1.41951395E-02
   2.01427825E-02
   6.45058183E-03
   1.41945248E-02
   5.75857470E-03
   1.41936084E-02
   2.01429352E-02
   4.43160487E-03
   1.41940601E-02
   1.41938878E-02
   4.43202909E-03
   6.45147264E-03
   2.01428365E-02
   6.45116298E-03
   1.41938301E-02
   5.75854816E-03
   5.75868040E-03
   1.41940005E-02
   2.01424416E-02
   6.45073876E-03
   4.43198998E-03
   1.41937537E-02
   5.75889414E-03
   1.41944587E-02
   4.43165982E-03
   2.01431476E-02
   6.45073829E-03
   4.43302607E-03
   1.41952382E-02
   5.75889414E-03
   1.41952382E-02
   4.43302654E-03
   2.01424416E-02
   6.45116204E-03
   4.43165982E-03
   1.41944578E-02
   5.75868040E-03
   1.41937537E-02
   4.43198998E-03
   2.01428365E-02
   1.41940005E-02
   1.41938291E-02
   6.45167241E-03
   2.01432668E-02
   6.45092363E-03
   1.41941411E-02
   5.75856073E-03
   5.75831393E-03
   1.41940191E-02
   2.01429203E-02
   6.45096740E-03
   1.41939037E-02
   5.75875863E-03
   1.41951377E-02
   2.01434549E-02
   6.45041838E-03
   4.43265773E-03
   1.41947800E-02
   5.75901940E-03
   1.41953910E-02
   4.43303958E-03
   2.01433171E-02
   6.45115180E-03
   4.43159463E-03
   1.41943721E-02
   5.75827947E-03
   1.41933998E-02
   4.43246495E-03
   2.01427918E-02
   1.41936513E-02
   1.41937723E-02
   6.45230152E-03
   2.01423280E-02
   6.45008637E-03
   1.41934296E-02
   5.75872278E-03
   5.75922662E-03
   1.41941039E-02
   2.01431047E-02
   6.45119557E-03
   1.41926715E-02
   5.75880148E-03
   1.41941747E-02
   2.01432388E-02
   6.45135855E-03
   4.43318719E-03
   1.41948797E-02
   5.75923920E-03
   1.41954497E-02
   4.43315040E-03
   2.01430377E-02
   6.45069918E-03
   4.43178741E-03
   1.41944187E-02
   5.75884944E-03
   1.41948434E-02
   4.43219673E-03
   2.01435294E-02
   1.41935050E-02
   1.41941132E-02
   6.45230198E-03
   2.01435294E-02
   6.45069918E-03
   1.41941123E-02
   5.75872324E-03
   5.75884944E-03
   1.41935050E-02
   2.01430377E-02
   6.45135855E-03
   1.41948424E-02
   5.75923920E-03
   1.41944187E-02
   2.01432388E-02
   6.45119557E-03
   4.43315040E-03
   1.41954497E-02
   5.75880148E-03
   1.41948797E-02
   4.43318766E-03
   2.01431066E-02
   6.45008637E-03
   4.43159463E-03
   1.41941728E-02
   5.75922662E-03
   1.41926734E-02
   4.43246495E-03
   2.01423280E-02
   1.41941039E-02
   1.41934296E-02
   6.45167194E-03
   2.01427918E-02
   6.45115180E-03
   1.41937723E-02
   5.75856073E-03
   5.75827947E-03
   1.41936513E-02
   2.01433171E-02
   6.45041838E-03
   1.41933998E-02
   5.75901940E-03
   1.41943721E-02
   2.01434549E-02
   6.45096647E-03
   4.43303958E-03
   1.41953900E-02
   5.75875863E-03
   1.41947800E-02
   4.43265773E-03
   2.01429203E-02
   6.45092363E-03
   1.41951377E-02
   5.75831346E-03
   1.41939037E-02
   2.01432649E-02
   1.41940191E-02
   1.41941411E-02
   6.46662200E-03
   2.01463122E-02
   6.46665506E-03
   1.41925067E-02
   5.76132210E-03
   5.76071395E-03
   1.41928717E-02
   2.01461148E-02
   6.46660989E-03
   1.41926855E-02
   5.75988321E-03
   1.41929509E-02
   2.01462507E-02
   6.46660989E-03
   1.41929016E-02
   5.75988321E-03
   1.41929016E-02
   2.01461148E-02
   6.46665506E-03
   1.41929509E-02
   5.76071301E-03
   1.41926855E-02
   2.01463122E-02
   1.41928717E-02
   1.41925067E-02
   1.66730909E-03
   5.62274689E-03
   1.66734215E-03
   1.69268418E-02
   3.47831496E-03
   1.61170971E-03
   1.61178515E-03
   3.47826723E-03
   1.69269089E-02
   1.08866126E-03
   3.71131673E-03
   1.45236310E-03
   1.01656532E-02
   3.39814648E-03
   1.08152686E-03
   1.47474138E-03
   4.55659116E-03
   9.61564202E-03
   1.45242934E-03
   3.71153094E-03
   1.08870247E-03
   9.61562805E-03
   4.55683796E-03
   1.47467165E-03
   1.08149892E-03
   3.39821447E-03
   1.01658199E-02
   5.04277321E-03
   3.73019022E-03
   3.73016181E-03
   5.62278880E-03
   1.66729826E-03
   1.69268474E-02
   3.47834057E-03
   1.61178515E-03
   3.47827561E-03
   1.69269610E-02
   1.08865241E-03
   3.71118193E-03
   1.01655452E-02
   3.39815672E-03
   1.08166318E-03
   4.55642305E-03
   9.61562712E-03
   1.45278964E-03
   3.71175702E-03
   1.08969293E-03
   9.61559545E-03
   4.55685891E-03
   1.47458038E-03
   1.08153140E-03
   3.39856348E-03
   1.01654967E-02
   5.04266517E-03
   3.73030640E-03
   3.73004074E-03
   5.62260114E-03
   1.66729826E-03
   1.69271063E-02
   3.47839575E-03
   1.61178515E-03
   3.47839692E-03
   1.69271063E-02
   1.08898839E-03
   3.71158682E-03
   1.01655507E-02
   3.39808245E-03
   1.08113175E-03
   4.55695856E-03
   9.61565785E-03
   1.45278964E-03
   3.71158705E-03
   1.08898839E-03
   9.61565785E-03
   4.55695856E-03
   1.47458038E-03
   1.08113175E-03
   3.39808245E-03
   1.01655619E-02
   5.04237181E-03
   3.73002328E-03
   3.73002258E-03
   5.62278880E-03
   1.66734215E-03
   1.69269610E-02
   3.47827561E-03
   1.61178503E-03
   3.47834080E-03
   1.69268455E-02
   1.08969293E-03
   3.71175725E-03
   1.01654967E-02
   3.39856348E-03
   1.08153140E-03
   4.55685891E-03
   9.61559732E-03
   1.45242934E-03
   3.71118239E-03
   1.08865241E-03
   9.61562805E-03
   4.55642305E-03
   1.47467165E-03
   1.08166307E-03
   3.39815672E-03
   1.01655452E-02
   5.04266517E-03
   3.73004097E-03
   3.73030663E-03
   5.62274689E-03
   1.69269089E-02
   3.47826700E-03
   3.47831496E-03
   1.69268437E-02
   1.08870247E-03
   3.71153117E-03
   1.01658199E-02
   3.39821470E-03
   1.08149892E-03
   4.55683796E-03
   9.61562805E-03
   3.71131650E-03
   1.08866126E-03
   9.61564295E-03
   4.55659116E-03
   1.08152709E-03
   3.39814648E-03
   1.01656532E-02
   5.04277321E-03
   3.73016181E-03
   3.73019022E-03
   1.67552789E-03
   5.60516119E-03
   1.67553488E-03
   1.69250257E-02
   3.48046306E-03
   1.60799176E-03
   1.60783052E-03
   3.47995199E-03
   1.69250630E-02
   1.08808710E-03
   3.71347019E-03
   1.45338278E-03
   1.01663200E-02
   3.39945429E-03
   1.08175341E-03
   1.47738913E-03
   4.55549220E-03
   9.61602293E-03
   1.45380793E-03
   3.71282478E-03
   1.08755170E-03
   9.61632654E-03
   4.55613388E-03
   1.47806201E-03
   1.08208554E-03
   3.39966919E-03
   1.01660853E-02
   5.04500698E-03
   3.72944144E-03
   3.72899882E-03
   5.60506247E-03
   1.67468004E-03
   1.69254448E-02
   3.48036294E-03
   1.60861714E-03
   3.48056084E-03
   1.69249736E-02
   1.08832854E-03
   3.71255260E-03
   1.01665910E-02
   3.39889596E-03
   1.08199520E-03
   4.55530407E-03
   9.61582270E-03
   1.45406311E-03
   3.71301617E-03
   1.08846650E-03
   9.61644389E-03
   4.55592806E-03
   1.47842988E-03
   1.08231266E-03
   3.39913298E-03
   1.01669161E-02
   5.04501304E-03
   3.72939371E-03
   3.72950733E-03
   5.60396863E-03
   1.67533068E-03
   1.69240348E-02
   3.47973430E-03
   1.60882447E-03
   3.47961485E-03
   1.69241447E-02
   3.71405017E-03
   1.01665771E-02
   3.39936162E-03
   4.55577904E-03
   9.61570069E-03
   1.45443983E-03
   3.71389533E-03
   9.61633585E-03
   4.55578929E-03
   1.47871056E-03
   3.39957816E-03
   1.01664318E-02
   5.04689291E-03
   3.72896250E-03
   3.72913922E-03
   5.60479285E-03
   1.67557923E-03
   1.69250760E-02
   3.48076806E-03
   1.60796859E-03
   3.48070799E-03
   1.69252604E-02
   1.08852261E-03
   3.71325505E-03
   1.01669487E-02
   3.39891412E-03
   1.08201895E-03
   4.55586659E-03
   9.61645506E-03
   1.45335123E-03
   3.71272280E-03
   1.08815369E-03
   9.61613189E-03
   4.55575250E-03
   1.47773640E-03
   1.08205865E-03
   3.39896209E-03
   1.01663498E-02
   5.04518114E-03
   3.72945238E-03
   3.72932130E-03
   5.60568878E-03
   1.69249531E-02
   3.47992871E-03
   3.48002836E-03
   1.69247221E-02
   1.08813052E-03
   3.71319358E-03
   1.01665156E-02
   3.39899794E-03
   1.08189008E-03
   4.55586007E-03
   9.61637031E-03
   3.71369231E-03
   1.08843728E-03
   9.61586926E-03
   4.55573807E-03
   1.08204759E-03
   3.39887920E-03
   1.01664690E-02
   5.04485378E-03
   3.72904749E-03
   3.72937578E-03
   1.67616329E-03
   5.60494699E-03
   1.67618680E-03
   1.69250928E-02
   3.48073896E-03
   1.60853425E-03
   1.60843786E-03
   3.48034594E-03
   1.69251636E-02
   1.08873006E-03
   3.71284201E-03
   1.45357579E-03
   1.01664839E-02
   3.39904171E-03
   1.08197331E-03
   1.47822406E-03
   4.55635274E-03
   9.61576682E-03
   1.45382283E-03
   3.71301640E-03
   1.08805636E-03
   9.61703900E-03
   4.55621118E-03
   1.47785025E-03
   1.08229427E-03
   3.39832064E-03
   1.01657724E-02
   5.04513597E-03
   3.72893200E-03
   3.72950733E-03
   5.60598634E-03
   1.67498959E-03
   1.69249494E-02
   3.48049845E-03
   1.60838151E-03
   3.48088332E-03
   1.69255137E-02
   1.08826684E-03
   3.71331163E-03
   1.01668248E-02
   3.39879864E-03
   1.08163757E-03
   4.55576833E-03
   9.61618405E-03
   1.45493017E-03
   3.71365156E-03
   1.08860899E-03
   9.61630885E-03
   4.55595739E-03
   1.47806935E-03
   1.08212058E-03
   3.39995627E-03
   1.01671461E-02
   5.04532084E-03
   3.72929382E-03
   3.72972712E-03
   5.60382195E-03
   1.67483196E-03
   1.69239044E-02
   3.47965211E-03
   1.60880620E-03
   3.48027213E-03
   1.69245023E-02
   3.71381524E-03
   1.01666395E-02
   3.39967175E-03
   4.55591688E-03
   9.61611420E-03
   1.45465368E-03
   3.71419638E-03
   9.61545948E-03
   4.55553085E-03
   1.47806841E-03
   3.39967082E-03
   1.01665631E-02
   5.04669966E-03
   3.72904004E-03
   3.72907356E-03
   5.60504431E-03
   1.67580426E-03
   1.69250648E-02
   3.48091568E-03
   1.60834333E-03
   3.48126632E-03
   1.69247985E-02
   3.71354609E-03
   1.01672839E-02
   3.39877862E-03
   4.55581024E-03
   9.61625855E-03
   1.45263888E-03
   3.71238030E-03
   9.61593818E-03
   4.55567939E-03
   1.47772720E-03
   3.39864544E-03
   1.01659158E-02
   5.04494505E-03
   3.72893759E-03
   3.72894295E-03
   5.60536375E-03
   1.69255156E-02
   3.47997923E-03
   3.48042534E-03
   1.69251617E-02
   1.08828081E-03
   3.71274259E-03
   1.01670409E-02
   3.39919701E-03
   1.08174852E-03
   4.55570687E-03
   9.61617474E-03
   3.71326250E-03
   1.08809967E-03
   9.61669628E-03
   4.55569336E-03
   1.08155550E-03
   3.39938258E-03
   1.01665678E-02
   5.04501723E-03
   3.72932572E-03
   3.72968451E-03
   1.67448481E-03
   5.60506387E-03
   1.67568249E-03
   1.69253107E-02
   3.48061160E-03
   1.60845846E-03
   1.60718977E-03
   3.47998948E-03
   1.69253852E-02
   1.08805636E-03
   3.71329417E-03
   1.45261001E-03
   1.01665203E-02
   3.39884427E-03
   1.08228333E-03
   1.47678528E-03
   4.55593830E-03
   9.61562246E-03
   1.45348907E-03
   3.71295610E-03
   1.08850561E-03
   9.61607415E-03
   4.55621211E-03
   1.47891929E-03
   1.08228379E-03
   3.39894998E-03
   1.01662800E-02
   5.04513737E-03
   3.73041048E-03
   3.72863864E-03
   5.60596818E-03
   1.67484023E-03
   1.69245861E-02
   3.48072941E-03
   1.60876790E-03
   3.48088588E-03
   1.69246364E-02
   1.08826684E-03
   3.71190463E-03
   1.01660546E-02
   3.39856627E-03
   1.08163769E-03
   4.55454784E-03
   9.61684808E-03
   1.45395158E-03
   3.71238054E-03
   1.08860899E-03
   9.61630698E-03
   4.55565471E-03
   1.47921720E-03
   1.08212058E-03
   3.39816441E-03
   1.01666255E-02
   5.04566589E-03
   3.72969173E-03
   3.72960325E-03
   5.60363987E-03
   1.67500938E-03
   1.69247333E-02
   3.48024000E-03
   1.60876790E-03
   3.48023861E-03
   1.69247352E-02
   3.71378963E-03
   1.01667000E-02
   3.39920353E-03
   4.55628568E-03
   9.61671676E-03
   1.45395147E-03
   3.71378963E-03
   9.61671676E-03
   4.55628568E-03
   1.47921720E-03
   3.39920376E-03
   1.01666963E-02
   5.04652830E-03
   3.72942747E-03
   3.72943282E-03
   5.60596818E-03
   1.67568249E-03
   1.69246364E-02
   3.48088588E-03
   1.60718977E-03
   3.48072941E-03
   1.69245843E-02
   3.71238054E-03
   1.01666255E-02
   3.39816487E-03
   4.55565471E-03
   9.61630605E-03
   1.45348907E-03
   3.71190463E-03
   9.61684808E-03
   4.55454737E-03
   1.47891941E-03
   3.39856627E-03
   1.01660555E-02
   5.04566589E-03
   3.72960302E-03
   3.72969173E-03
   5.60506294E-03
   1.69253852E-02
   3.47998948E-03
   3.48061160E-03
   1.69253107E-02
   1.08850549E-03
   3.71295610E-03
   1.01662800E-02
   3.39894951E-03
   1.08228379E-03
   4.55621211E-03
   9.61607415E-03
   3.71328345E-03
   1.08805636E-03
   9.61559545E-03
   4.55593830E-03
   1.08228333E-03
   3.39884427E-03
   1.01665203E-02
   5.04513783E-03
   3.72863910E-03
   3.73041048E-03
   1.67616329E-03
   5.60536375E-03
   1.67580426E-03
   1.69251636E-02
   3.48042534E-03
   1.60853425E-03
   1.60834321E-03
   3.47997923E-03
   1.69255156E-02
   1.08809967E-03
   3.71326227E-03
   1.45357579E-03
   1.01665678E-02
   3.39938258E-03
   1.08155550E-03
   1.47822406E-03
   4.55569383E-03
   9.61669628E-03
   1.45263877E-03
   3.71274282E-03
   1.08828093E-03
   9.61617474E-03
   4.55570733E-03
   1.47772732E-03
   1.08174852E-03
   3.39919701E-03
   1.01670427E-02
   5.04501769E-03
   3.72968451E-03
   3.72932595E-03
   5.60504431E-03
   1.67483196E-03
   1.69247985E-02
   3.48126632E-03
   1.60880620E-03
   3.48091568E-03
   1.69250648E-02
   1.08832854E-03
   3.71238030E-03
   1.01659158E-02
   3.39864567E-03
   1.08199532E-03
   4.55567986E-03
   9.61593818E-03
   1.45465380E-03
   3.71354609E-03
   1.08846650E-03
   9.61625855E-03
   4.55580978E-03
   1.47806841E-03
   1.08231266E-03
   3.39877862E-03
   1.01672849E-02
   5.04494552E-03
   3.72894271E-03
   3.72893759E-03
   5.60382148E-03
   1.67498959E-03
   1.69245023E-02
   3.48027213E-03
   1.60838151E-03
   3.47965211E-03
   1.69239044E-02
   3.71419638E-03
   1.01665631E-02
   3.39967036E-03
   4.55553085E-03
   9.61545948E-03
   1.45493017E-03
   3.71381477E-03
   9.61611420E-03
   4.55591688E-03
   1.47806935E-03
   3.39967129E-03
   1.01666385E-02
   5.04669966E-03
   3.72907356E-03
   3.72904004E-03
   5.60598634E-03
   1.67618680E-03
   1.69255137E-02
   3.48088332E-03
   1.60843786E-03
   3.48049845E-03
   1.69249494E-02
   3.71365156E-03
   1.01671452E-02
   3.39995627E-03
   4.55595739E-03
   9.61630791E-03
   1.45382283E-03
   3.71331139E-03
   9.61618405E-03
   4.55576787E-03
   1.47785025E-03
   3.39879864E-03
   1.01668248E-02
   5.04532130E-03
   3.72972712E-03
   3.72929382E-03
   5.60494699E-03
   1.69251636E-02
   3.48034594E-03
   3.48073896E-03
   1.69250946E-02
   1.08805636E-03
   3.71301617E-03
   1.01657724E-02
   3.39832087E-03
   1.08229427E-03
   4.55621118E-03
   9.61703807E-03
   3.71284201E-03
   1.08873006E-03
   9.61576682E-03
   4.55635274E-03
   1.08197331E-03
   3.39904171E-03
   1.01664839E-02
   5.04513597E-03
   3.72950733E-03
   3.72893200E-03
   1.67552766E-03
   5.60568878E-03
   1.67557923E-03
   1.69247221E-02
   3.48002836E-03
   1.60799164E-03
   1.60796859E-03
   3.47992848E-03
   1.69249531E-02
   1.08843728E-03
   3.71369184E-03
   1.45338278E-03
   1.01664690E-02
   3.39887920E-03
   1.08204759E-03
   1.47738913E-03
   4.55573807E-03
   9.61586926E-03
   1.45335123E-03
   3.71319358E-03
   1.08813052E-03
   9.61637124E-03
   4.55586007E-03
   1.47773640E-03
   1.08189008E-03
   3.39899794E-03
   1.01665156E-02
   5.04485378E-03
   3.72937578E-03
   3.72904749E-03
   5.60479285E-03
   1.67533092E-03
   1.69252586E-02
   3.48070823E-03
   1.60882447E-03
   3.48076806E-03
   1.69250779E-02
   3.71272280E-03
   1.01663498E-02
   3.39896162E-03
   4.55575297E-03
   9.61613189E-03
   1.45443983E-03
   3.71325505E-03
   9.61645506E-03
   4.55586659E-03
   1.47871056E-03
   3.39891412E-03
   1.01669496E-02
   5.04518114E-03
   3.72932176E-03
   3.72945238E-03
   5.60396863E-03
   1.67468004E-03
   1.69241447E-02
   3.47961485E-03
   1.60861714E-03
   3.47973430E-03
   1.69240348E-02
   3.71389533E-03
   1.01664318E-02
   3.39957816E-03
   4.55578929E-03
   9.61633585E-03
   1.45406311E-03
   3.71405040E-03
   9.61570069E-03
   4.55577997E-03
   1.47842988E-03
   3.39936116E-03
   1.01665771E-02
   5.04689338E-03
   3.72913922E-03
   3.72896274E-03
   5.60506247E-03
   1.67553488E-03
   1.69249717E-02
   3.48056084E-03
   1.60783052E-03
   3.48036294E-03
   1.69254448E-02
   3.71301617E-03
   1.01669161E-02
   3.39913298E-03
   4.55592806E-03
   9.61644482E-03
   1.45380793E-03
   3.71255283E-03
   9.61582176E-03
   4.55530360E-03
   1.47806189E-03
   3.39889619E-03
   1.01665910E-02
   5.04501304E-03
   3.72950733E-03
   3.72939347E-03
   5.60516072E-03
   1.69250630E-02
   3.47995176E-03
   3.48046306E-03
   1.69250239E-02
   1.08755170E-03
   3.71282478E-03
   1.01660853E-02
   3.39966919E-03
   1.08208554E-03
   4.55613388E-03
   9.61632561E-03
   3.71347019E-03
   1.08808698E-03
   9.61602200E-03
   4.55549220E-03
   1.08175341E-03
   3.39945429E-03
   1.01663200E-02
   5.04500745E-03
   3.72899859E-03
   3.72944144E-03
   1.67549867E-03
   5.60557097E-03
   1.67553255E-03
   1.69249773E-02
   3.48030659E-03
   1.60792482E-03
   1.60799967E-03
   3.48013523E-03
   1.69250313E-02
   3.71319125E-03
   1.45343866E-03
   1.01664532E-02
   3.39890108E-03
   1.47751847E-03
   4.55580698E-03
   9.61609464E-03
   1.45339163E-03
   3.71298194E-03
   9.61620454E-03
   4.55585867E-03
   1.47776026E-03
   3.39894672E-03
   1.01664504E-02
   5.04491432E-03
   3.72922607E-03
   3.72914807E-03
   5.60500240E-03
   1.67481916E-03
   1.69249456E-02
   3.48039228E-03
   1.60864380E-03
   3.48071172E-03
   1.69252846E-02
   1.08822528E-03
   3.71252000E-03
   1.01660397E-02
   3.39848571E-03
   1.08229287E-03
   4.55589453E-03
   9.61602107E-03
   1.45477848E-03
   3.71295097E-03
   1.08885404E-03
   9.61654168E-03
   4.55582002E-03
   1.47876877E-03
   1.08210556E-03
   3.39873112E-03
   1.01669161E-02
   5.04497997E-03
   3.72944796E-03
   3.72926332E-03
   5.60394069E-03
   1.67481916E-03
   1.69243142E-02
   3.48007376E-03
   1.60864380E-03
   3.48007376E-03
   1.69243142E-02
   1.08906033E-03
   3.71398195E-03
   1.01665994E-02
   3.39974370E-03
   1.08155247E-03
   4.55609662E-03
   9.61621106E-03
   1.45477860E-03
   3.71398218E-03
   1.08906033E-03
   9.61621013E-03
   4.55609662E-03
   1.47876877E-03
   1.08155247E-03
   3.39974370E-03
   1.01665994E-02
   5.04669501E-03
   3.72895785E-03
   3.72895785E-03
   5.60500240E-03
   1.67553255E-03
   1.69252846E-02
   3.48071195E-03
   1.60799955E-03
   3.48039228E-03
   1.69249456E-02
   1.08885404E-03
   3.71295097E-03
   1.01669170E-02
   3.39873135E-03
   1.08210556E-03
   4.55582002E-03
   9.61654168E-03
   1.45339163E-03
   3.71252000E-03
   1.08822528E-03
   9.61602014E-03
   4.55589453E-03
   1.47776026E-03
   1.08229287E-03
   3.39848571E-03
   1.01660406E-02
   5.04497997E-03
   3.72926332E-03
   3.72944772E-03
   5.60557051E-03
   1.69250313E-02
   3.48013546E-03
   3.48030659E-03
   1.69249773E-02
   3.71298194E-03
   1.01664504E-02
   3.39894672E-03
   4.55585821E-03
   9.61620454E-03
   3.71319125E-03
   9.61609464E-03
   4.55580698E-03
   3.39890085E-03
   1.01664532E-02
   5.04491432E-03
   3.72914784E-03
   3.72922607E-03
   1.67576468E-03
   5.60538331E-03
   1.67565898E-03
   1.69248246E-02
   3.48042510E-03
   1.60799222E-03
   1.60832435E-03
   3.47997923E-03
   1.69252623E-02
   3.71303991E-03
   1.45325530E-03
   1.01660164E-02
   3.39909899E-03
   1.47771696E-03
   4.55634203E-03
   9.61594563E-03
   1.45352259E-03
   3.71299940E-03
   9.61628370E-03
   4.55614738E-03
   1.47842162E-03
   3.39883636E-03
   1.01664253E-02
   5.04466845E-03
   3.72940022E-03
   3.73002072E-03
   5.60505083E-03
   1.67499064E-03
   1.69254690E-02
   3.48115969E-03
   1.60880585E-03
   3.48090101E-03
   1.69250891E-02
   3.71281803E-03
   1.01664634E-02
   3.39874136E-03
   4.55550058E-03
   9.61622596E-03
   1.45431329E-03
   3.71302315E-03
   9.61640570E-03
   4.55572642E-03
   1.47830846E-03
   3.39894579E-03
   1.01667633E-02
   5.04551036E-03
   3.72901303E-03
   3.72959371E-03
   5.60383685E-03
   1.67453708E-03
   1.69244520E-02
   3.48027330E-03
   1.60867162E-03
   3.47983115E-03
   1.69240851E-02
   1.08887267E-03
   3.71401780E-03
   1.01664057E-02
   3.39920144E-03
   1.08160230E-03
   4.55580000E-03
   9.61554144E-03
   1.45429885E-03
   3.71412188E-03
   1.08865264E-03
   9.61605087E-03
   4.55568731E-03
   1.47852150E-03
   1.08150707E-03
   3.39968689E-03
   1.01667903E-02
   5.04671829E-03
   3.72925773E-03
   3.72885517E-03
   5.60447806E-03
   1.67565176E-03
   1.69255435E-02
   3.48018855E-03
   1.60834973E-03
   3.48011497E-03
   1.69248935E-02
   1.08911458E-03
   3.71318473E-03
   1.01669170E-02
   3.39897070E-03
   1.08216587E-03
   4.55617718E-03
   9.61649697E-03
   1.45334599E-03
   3.71247041E-03
   1.08892040E-03
   9.61525086E-03
   4.55529941E-03
   1.47774292E-03
   1.08223828E-03
   3.39893647E-03
   1.01664308E-02
   5.04482118E-03
   3.72908381E-03
   3.72969289E-03
   5.60567714E-03
   1.69250388E-02
   3.47995595E-03
   3.47998342E-03
   1.69249494E-02
   3.71298380E-03
   1.01665789E-02
   3.39916791E-03
   4.55633691E-03
   9.61686298E-03
   3.71318404E-03
   9.61590745E-03
   4.55569383E-03
   3.39878513E-03
   1.01666301E-02
   5.04488312E-03
   3.72880138E-03
   3.72919184E-03
   1.67552894E-03
   5.60506294E-03
   1.67521636E-03
   1.69253107E-02
   3.48061160E-03
   1.60822540E-03
   1.60710549E-03
   3.47998948E-03
   1.69247165E-02
   3.71428486E-03
   1.45358487E-03
   1.01667391E-02
   3.39986314E-03
   1.47727912E-03
   4.55594203E-03
   9.61477403E-03
   1.45334646E-03
   3.71320057E-03
   9.61607415E-03
   4.55644960E-03
   1.47891941E-03
   3.39970249E-03
   1.01662790E-02
   5.04486216E-03
   3.72974179E-03
   3.72782443E-03
   5.60445711E-03
   1.67547690E-03
   1.69271473E-02
   3.48051474E-03
   1.60876766E-03
   3.48047633E-03
   1.69246141E-02
   3.71255423E-03
   1.01657799E-02
   3.39847594E-03
   4.55439230E-03
   9.61597171E-03
   1.45409338E-03
   3.71285132E-03
   9.61669348E-03
   4.55490081E-03
   1.47921639E-03
   3.39882798E-03
   1.01669086E-02
   5.04480163E-03
   3.72929149E-03
   3.72939394E-03
   5.60454139E-03
   1.67497399E-03
   1.69242267E-02
   3.47982836E-03
   1.60861120E-03
   3.47976945E-03
   1.69238057E-02
   1.08854426E-03
   3.71414353E-03
   1.01663778E-02
   3.39920376E-03
   1.08113908E-03
   4.55658464E-03
   9.61665437E-03
   1.45445962E-03
   3.71381477E-03
   1.08865742E-03
   9.61611420E-03
   4.55591688E-03
   1.47806935E-03
   1.08153117E-03
   3.39995138E-03
   1.01661338E-02
   5.04652830E-03
   3.72864935E-03
   3.72899766E-03
   5.60444267E-03
   1.67489087E-03
   1.69257466E-02
   3.48091382E-03
   1.60852482E-03
   3.48051754E-03
   1.69247873E-02
   1.08889386E-03
   3.71310185E-03
   1.01674991E-02
   3.39995627E-03
   1.08244584E-03
   4.55635367E-03
   9.61630698E-03
   1.45324471E-03
   3.71323875E-03
   1.08826475E-03
   9.61589161E-03
   4.55684913E-03
   1.47784955E-03
   1.08211499E-03
   3.39930435E-03
   1.01668239E-02
   5.04484167E-03
   3.72972712E-03
   3.72952526E-03
   5.60572185E-03
   1.69248749E-02
   3.48057807E-03
   3.48062697E-03
   1.69254113E-02
   3.71301617E-03
   1.01665957E-02
   3.39939073E-03
   4.55644866E-03
   9.61674657E-03
   3.71308066E-03
   9.61624552E-03
   4.55575483E-03
   3.39935371E-03
   1.01663396E-02
   5.04473085E-03
   3.72977904E-03
   3.72921303E-03
   1.67552894E-03
   5.60572138E-03
   1.67489087E-03
   1.69254113E-02
   3.48062697E-03
   1.60822540E-03
   1.60852482E-03
   3.48057807E-03
   1.69248749E-02
   3.71308089E-03
   1.45358487E-03
   1.01663405E-02
   3.39935371E-03
   1.47727912E-03
   4.55575483E-03
   9.61624552E-03
   1.45320210E-03
   3.71301617E-03
   9.61674657E-03
   4.55644820E-03
   1.47784955E-03
   3.39939049E-03
   1.01665957E-02
   5.04473131E-03
   3.72921326E-03
   3.72977904E-03
   5.60444221E-03
   1.67497399E-03
   1.69247873E-02
   3.48051754E-03
   1.60861108E-03
   3.48091382E-03
   1.69257466E-02
   3.71323875E-03
   1.01668248E-02
   3.39930481E-03
   4.55684913E-03
   9.61589161E-03
   1.45445962E-03
   3.71326320E-03
   9.61630698E-03
   4.55635367E-03
   1.47806935E-03
   3.39995627E-03
   1.01675000E-02
   5.04484167E-03
   3.72952572E-03
   3.72972712E-03
   5.60454093E-03
   1.67547690E-03
   1.69238076E-02
   3.47976922E-03
   1.60876790E-03
   3.47982836E-03
   1.69242267E-02
   1.08865742E-03
   3.71381477E-03
   1.01661338E-02
   3.39995138E-03
   1.08153117E-03
   4.55591688E-03
   9.61611420E-03
   1.45409338E-03
   3.71414353E-03
   1.08854438E-03
   9.61665437E-03
   4.55658464E-03
   1.47921639E-03
   1.08113920E-03
   3.39920330E-03
   1.01663778E-02
   5.04652876E-03
   3.72899720E-03
   3.72864935E-03
   5.60445711E-03
   1.67521648E-03
   1.69246159E-02
   3.48047656E-03
   1.60710549E-03
   3.48051474E-03
   1.69271473E-02
   1.08911458E-03
   3.71285155E-03
   1.01669095E-02
   3.39882798E-03
   1.08216587E-03
   4.55490081E-03
   9.61669255E-03
   1.45334622E-03
   3.71255423E-03
   1.08892052E-03
   9.61597171E-03
   4.55439230E-03
   1.47891941E-03
   1.08223828E-03
   3.39847594E-03
   1.01657789E-02
   5.04480163E-03
   3.72939371E-03
   3.72929149E-03
   5.60506294E-03
   1.69247165E-02
   3.47998948E-03
   3.48061160E-03
   1.69253107E-02
   3.71320057E-03
   1.01662800E-02
   3.39970272E-03
   4.55645006E-03
   9.61607415E-03
   3.71428486E-03
   9.61477403E-03
   4.55594203E-03
   3.39986314E-03
   1.01667391E-02
   5.04486216E-03
   3.72782443E-03
   3.72974179E-03
   1.67576468E-03
   5.60567714E-03
   1.67565176E-03
   1.69249494E-02
   3.47998366E-03
   1.60799222E-03
   1.60834973E-03
   3.47995595E-03
   1.69250388E-02
   3.71318404E-03
   1.45325542E-03
   1.01666311E-02
   3.39878467E-03
   1.47771696E-03
   4.55569383E-03
   9.61590745E-03
   1.45334599E-03
   3.71298380E-03
   9.61686298E-03
   4.55633691E-03
   1.47774292E-03
   3.39916791E-03
   1.01665789E-02
   5.04488265E-03
   3.72919184E-03
   3.72880138E-03
   5.60447760E-03
   1.67453708E-03
   1.69248935E-02
   3.48011497E-03
   1.60867162E-03
   3.48018855E-03
   1.69255435E-02
   3.71247064E-03
   1.01664318E-02
   3.39893694E-03
   4.55529941E-03
   9.61525086E-03
   1.45429873E-03
   3.71318473E-03
   9.61649697E-03
   4.55617718E-03
   1.47852150E-03
   3.39897070E-03
   1.01669170E-02
   5.04482118E-03
   3.72969266E-03
   3.72908427E-03
   5.60383685E-03
   1.67499075E-03
   1.69240870E-02
   3.47983115E-03
   1.60880585E-03
   3.48027353E-03
   1.69244520E-02
   1.08865264E-03
   3.71412188E-03
   1.01667903E-02
   3.39968666E-03
   1.08150707E-03
   4.55568731E-03
   9.61605087E-03
   1.45431329E-03
   3.71401757E-03
   1.08887278E-03
   9.61554144E-03
   4.55580046E-03
   1.47830846E-03
   1.08160230E-03
   3.39920144E-03
   1.01664057E-02
   5.04671829E-03
   3.72885517E-03
   3.72925773E-03
   5.60505083E-03
   1.67565898E-03
   1.69250891E-02
   3.48090101E-03
   1.60832435E-03
   3.48115969E-03
   1.69254690E-02
   3.71302315E-03
   1.01667633E-02
   3.39894556E-03
   4.55572642E-03
   9.61640570E-03
   1.45352248E-03
   3.71281803E-03
   9.61622503E-03
   4.55550058E-03
   1.47842162E-03
   3.39874160E-03
   1.01664634E-02
   5.04551036E-03
   3.72959371E-03
   3.72901303E-03
   5.60538331E-03
   1.69252623E-02
   3.47997923E-03
   3.48042510E-03
   1.69248246E-02
   3.71299940E-03
   1.01664253E-02
   3.39883636E-03
   4.55614785E-03
   9.61628370E-03
   3.71303991E-03
   9.61594563E-03
   4.55634249E-03
   3.39909899E-03
   1.01660164E-02
   5.04466845E-03
   3.73002049E-03
   3.72940046E-03
   1.66729826E-03
   5.62271522E-03
   1.66729803E-03
   1.69270094E-02
   3.47827584E-03
   1.61178457E-03
   1.61163427E-03
   3.47828679E-03
   1.69271082E-02
   3.71212023E-03
   1.45221502E-03
   1.01659028E-02
   3.39776766E-03
   1.47612707E-03
   4.55671269E-03
   9.61591024E-03
   1.45234447E-03
   3.71138495E-03
   9.61556565E-03
   4.55654226E-03
   1.47462857E-03
   3.39827035E-03
   1.01658730E-02
   5.04266936E-03
   3.73029406E-03
   3.73011455E-03
   5.62270125E-03
   1.66730629E-03
   1.69267338E-02
   3.47830844E-03
   1.61166862E-03
   3.47824232E-03
   1.69268828E-02
   3.71175236E-03
   1.01653030E-02
   3.39796883E-03
   4.55638906E-03
   9.61549301E-03
   1.45249127E-03
   3.71139520E-03
   9.61553957E-03
   4.55659023E-03
   1.47459703E-03
   3.39827500E-03
   1.01655805E-02
   5.04264282E-03
   3.73009127E-03
   3.73006891E-03
   5.62267890E-03
   1.66730629E-03
   1.69269461E-02
   3.47828004E-03
   1.61166862E-03
   3.47828004E-03
   1.69269461E-02
   3.71145061E-03
   1.01655619E-02
   3.39825335E-03
   4.55663400E-03
   9.61570535E-03
   1.45249127E-03
   3.71145085E-03
   9.61570535E-03
   4.55663400E-03
   1.47459703E-03
   3.39825335E-03
   1.01655619E-02
   5.04271872E-03
   3.73015110E-03
   3.73015110E-03
   5.62270125E-03
   1.66729803E-03
   1.69268828E-02
   3.47824232E-03
   1.61163427E-03
   3.47830821E-03
   1.69267338E-02
   3.71139566E-03
   1.01655815E-02
   3.39827524E-03
   4.55659023E-03
   9.61553957E-03
   1.45234447E-03
   3.71175259E-03
   9.61549301E-03
   4.55638906E-03
   1.47462857E-03
   3.39796930E-03
   1.01653021E-02
   5.04264282E-03
   3.73006891E-03
   3.73009150E-03
   5.62271522E-03
   1.69271082E-02
   3.47828702E-03
   3.47827584E-03
   1.69270094E-02
   3.71138542E-03
   1.01658730E-02
   3.39827035E-03
   4.55654226E-03
   9.61556565E-03
   3.71212023E-03
   9.61727463E-03
   4.55671269E-03
   3.39776743E-03
   1.01659019E-02
   5.04266936E-03
   3.73011432E-03
   3.73029406E-03
