     681     492     494     604    1147     698
     807     520     501     503     657     659
     929     546     527     529     783     785
    1051     572     553     555     905     907
    1169     596     579     581    1027    1029
     722     705     707    1123    1125    1233
     844     829     650     631     633    1355
     966     951     776     757     759    1473
    1088    1073     898     879     881    1591
    1206    1191    1020    1001    1003    1709
    1361     622     624     730    1315    1317
    1479     748     750     852    1433    1435
    1597     870     872     974    1551    1553
    1715     992     994    1096    1669    1671
    1239    1114    1116    1214    1785    1256
    1400    1383    1308    1289    1291    1851
    1518    1501    1426    1407    1409    1829
    1636    1619    1544    1525    1527    1823
    1754    1737    1662    1643    1645    1895
    1282    1263    1265    1761    1763    1873
     514     540     566     483     485     514
     615     644     670     692     613     615
     741     770     796     818     739     741
     863     892     918     940     861     863
     985    1014    1040    1062     983     985
    1107    1136    1158    1180    1105    1107
    1276    1302    1223    1225    1250    1276
    1394    1420    1345    1347    1372    1394
    1512    1538    1463    1465    1490    1512
    1630    1656    1581    1583    1608    1630
    1774    1699    1701    1726    1748    1774
    1815    1840    1862    1884    1813    1815
     500     486     488     595     605     498
     677     507     509     495     497     687
     526     515     489     491     504     506
     533     535     522     524     813     803
     552     541     517     519     530     532
     559     561     548     550     935     925
     578     567     543     545     556     558
    1047     585     587     574     576    1057
     602     592     569     571     582     584
    1165     607     609     598     600    1175
     630     616     618     721     731     628
    1356     637     639     625     627    1367
     636     656     645     619     621     634
     835     825     663     665     652     654
     660     662     680     671     647     649
     673     675     683     685     704     693
     713     700     702    1153    1143     711
     718     695     697     708     710     728
     733     735     724     726    1341    1333
     756     742     744     843     853     754
    1474     763     765     751     753    1485
     762     782     771     745     747     760
     957     947     789     791     778     780
     786     788     806     797     773     775
     799     801     809     811     828     819
     840     821     823     831     833     850
     855     857     846     848    1459    1451
     878     864     866     965     975     876
    1592     885     887     873     875    1603
     884     904     893     867     869     882
    1079    1069     911     913     900     902
     908     910     928     919     895     897
     921     923     931     933     950     941
     962     943     945     953     955     972
     977     979     968     970    1577    1569
    1000     986     988    1087    1097     998
    1710    1007    1009     995     997    1721
    1006    1026    1015     989     991    1004
    1197    1187    1033    1035    1022    1024
    1030    1032    1050    1041    1017    1019
    1043    1045    1053    1055    1072    1063
    1084    1065    1067    1075    1077    1094
    1099    1101    1090    1092    1695    1687
    1122    1108    1110    1205    1215    1120
    1234    1129    1131    1117    1119    1245
    1128    1146    1137    1111    1113    1126
    1149    1151    1168    1159    1139    1141
    1161    1163    1171    1173    1190    1181
    1202    1183    1185    1193    1195    1212
    1217    1219    1208    1210    1809    1801
    1331    1338    1236    1238    1226    1228
    1229    1231    1241    1243    1262    1251
    1271    1258    1260    1791    1781    1269
    1277    1253    1255    1266    1268    1288
    1295    1297    1284    1286    1879    1869
    1294    1314    1303    1279    1281    1292
    1389    1379    1321    1323    1310    1312
    1318    1320    1336    1328    1305    1307
    1449    1456    1358    1360    1348    1350
    1351    1353    1363    1365    1382    1373
    1395    1375    1377    1385    1387    1406
    1413    1415    1402    1404    1857    1847
    1412    1432    1421    1397    1399    1410
    1507    1497    1439    1441    1428    1430
    1436    1438    1454    1446    1423    1425
    1567    1574    1476    1478    1466    1468
    1469    1471    1481    1483    1500    1491
    1513    1493    1495    1503    1505    1524
    1531    1533    1520    1522    1835    1824
    1530    1550    1539    1515    1517    1528
    1625    1615    1557    1559    1546    1548
    1554    1556    1572    1564    1541    1543
    1685    1692    1594    1596    1584    1586
    1587    1589    1599    1601    1618    1609
    1631    1611    1613    1621    1623    1642
    1649    1651    1638    1640    1919    1911
    1648    1668    1657    1633    1635    1646
    1743    1733    1675    1677    1664    1666
    1672    1674    1690    1682    1659    1661
    1799    1806    1712    1714    1702    1704
    1705    1707    1717    1719    1736    1727
    1749    1729    1731    1739    1741    1760
    1891    1767    1769    1756    1758    1901
    1766    1784    1775    1751    1753    1764
    1787    1789    1804    1796    1777    1779
    1909    1916    1826    1828    1816    1818
    1821    1831    1833    1850    1841    1819
    1845    1853    1855    1872    1863    1843
    1867    1875    1877    1894    1885    1865
    1889    1897    1899    1914    1906    1887
     487     484     483     591     594     488
     511     491     490     487     486     512
     516     513     485     484     490     489
     686     497     496     493     492     682
     495     510     512     500     499     496
     493     499     498     606     603     494
     521     525     506     505     502     501
     505     504     511     510     509     508
     503     502     508     507     678     676
     537     519     518     516     515     538
     542     539     514     513     518     517
     812     524     523     521     520     808
     522     536     538     526     525     523
     547     551     532     531     528     527
     531     530     537     536     535     534
     529     528     534     533     804     802
     563     545     544     542     541     564
     568     565     540     539     544     543
     934     550     549     547     546     930
     548     562     564     552     551     549
     573     577     558     557     554     553
     557     556     563     562     561     560
     555     554     560     559     926     924
     571     570     568     567     590     589
     593     591     566     565     570     569
    1056     576     575     573     572    1052
     574     588     590     578     577     575
     597     601     584     583     580     579
     583     582     589     588     587     586
     581     580     586     585    1048    1046
     611     595     594     593     592     612
    1174     600     599     597     596    1170
     598     610     612     602     601     599
     606     605     611     610     609     608
     604     603     608     607    1166    1164
     617     614     613     717     720     618
     641     621     620     617     616     642
     619     646     643     615     614     620
    1366     627     626     623     622    1362
     625     640     642     630     629     626
     623     629     628     732     729     624
     631     651     655     636     635     632
     638     635     634     641     640     639
    1354     633     632     638     637    1357
     668     667     649     648     646     645
     648     647     672     669     644     643
     830     834     654     653     651     650
     653     652     666     668     656     655
     658     657     676     679     662     661
     665     664     661     660     667     666
     826     824     659     658     664     663
     671     690     689     675     674     672
     670     669     674     673     694     691
     679     678     677     688     690     680
     685     684     682     681     699     703
     689     688     687     686     684     683
     696     694     693     716     715     697
     717     692     691     696     695     719
     701     699     698    1148    1152     702
     716     704     703     701     700     714
     727     710     709     706     705     723
     708     715     714     713     712     709
     706     712     711    1144    1142     707
     721     720     719     718     738     737
     726     725     723     722    1337    1340
     736     738     728     727     725     724
     732     731     737     736     735     734
     730     729     734     733    1334    1332
     743     740     739     839     842     744
     767     747     746     743     742     768
     745     772     769     741     740     746
    1484     753     752     749     748    1480
     751     766     768     756     755     752
     749     755     754     854     851     750
     757     777     781     762     761     758
     764     761     760     767     766     765
    1472     759     758     764     763    1475
     794     793     775     774     772     771
     774     773     798     795     770     769
     952     956     780     779     777     776
     779     778     792     794     782     781
     784     783     802     805     788     787
     791     790     787     786     793     792
     948     946     785     784     790     789
     798     797     816     815     801     800
     796     795     800     799     820     817
     805     804     803     814     816     806
     811     810     808     807     824     827
     815     814     813     812     810     809
     822     820     819     838     837     823
     839     818     817     822     821     841
     838     828     827     826     825     836
     849     833     832     830     829     845
     831     837     836     835     834     832
     843     842     841     840     860     859
     848     847     845     844    1455    1458
     858     860     850     849     847     846
     854     853     859     858     857     856
     852     851     856     855    1452    1450
     865     862     861     961     964     866
     889     869     868     865     864     890
     867     894     891     863     862     868
    1602     875     874     871     870    1598
     873     888     890     878     877     874
     871     877     876     976     973     872
     879     899     903     884     883     880
     886     883     882     889     888     887
    1590     881     880     886     885    1593
     916     915     897     896     894     893
     896     895     920     917     892     891
    1074    1078     902     901     899     898
     901     900     914     916     904     903
     906     905     924     927     910     909
     913     912     909     908     915     914
    1070    1068     907     906     912     911
     920     919     938     937     923     922
     918     917     922     921     942     939
     927     926     925     936     938     928
     933     932     930     929     946     949
     937     936     935     934     932     931
     944     942     941     960     959     945
     961     940     939     944     943     963
     960     950     949     948     947     958
     971     955     954     952     951     967
     953     959     958     957     956     954
     965     964     963     962     982     981
     970     969     967     966    1573    1576
     980     982     972     971     969     968
     976     975     981     980     979     978
     974     973     978     977    1570    1568
     987     984     983    1083    1086     988
    1011     991     990     987     986    1012
     989    1016    1013     985     984     990
    1720     997     996     993     992    1716
     995    1010    1012    1000     999     996
     993     999     998    1098    1095     994
    1001    1021    1025    1006    1005    1002
    1008    1005    1004    1011    1010    1009
    1708    1003    1002    1008    1007    1711
    1038    1037    1019    1018    1016    1015
    1018    1017    1042    1039    1014    1013
    1192    1196    1024    1023    1021    1020
    1023    1022    1036    1038    1026    1025
    1028    1027    1046    1049    1032    1031
    1035    1034    1031    1030    1037    1036
    1188    1186    1029    1028    1034    1033
    1042    1041    1060    1059    1045    1044
    1040    1039    1044    1043    1064    1061
    1049    1048    1047    1058    1060    1050
    1055    1054    1052    1051    1068    1071
    1059    1058    1057    1056    1054    1053
    1066    1064    1063    1082    1081    1067
    1083    1062    1061    1066    1065    1085
    1082    1072    1071    1070    1069    1080
    1093    1077    1076    1074    1073    1089
    1075    1081    1080    1079    1078    1076
    1087    1086    1085    1084    1104    1103
    1092    1091    1089    1088    1691    1694
    1102    1104    1094    1093    1091    1090
    1098    1097    1103    1102    1101    1100
    1096    1095    1100    1099    1688    1686
    1109    1106    1105    1201    1204    1110
    1133    1113    1112    1109    1108    1134
    1111    1138    1135    1107    1106    1112
    1244    1119    1118    1115    1114    1240
    1117    1132    1134    1122    1121    1118
    1115    1121    1120    1216    1213    1116
    1123    1142    1145    1128    1127    1124
    1130    1127    1126    1133    1132    1131
    1232    1125    1124    1130    1129    1235
    1156    1155    1141    1140    1138    1137
    1140    1139    1160    1157    1136    1135
    1144    1143    1154    1156    1146    1145
    1148    1147    1164    1167    1151    1150
    1153    1152    1150    1149    1155    1154
    1160    1159    1178    1177    1163    1162
    1158    1157    1162    1161    1182    1179
    1167    1166    1165    1176    1178    1168
    1173    1172    1170    1169    1186    1189
    1177    1176    1175    1174    1172    1171
    1184    1182    1181    1200    1199    1185
    1201    1180    1179    1184    1183    1203
    1200    1190    1189    1188    1187    1198
    1211    1195    1194    1192    1191    1207
    1193    1199    1198    1197    1196    1194
    1205    1204    1203    1202    1222    1221
    1210    1209    1207    1206    1805    1808
    1220    1222    1212    1211    1209    1208
    1216    1215    1221    1220    1219    1218
    1214    1213    1218    1217    1802    1800
    1327    1330    1228    1227    1224    1223
    1227    1226    1248    1247    1231    1230
    1225    1224    1230    1229    1252    1249
    1238    1237    1235    1234    1246    1248
    1339    1337    1233    1232    1237    1236
    1243    1242    1240    1239    1257    1261
    1247    1246    1245    1244    1242    1241
    1254    1252    1251    1274    1273    1255
    1275    1250    1249    1254    1253    1278
    1259    1257    1256    1786    1790    1260
    1274    1262    1261    1259    1258    1272
    1287    1268    1267    1264    1263    1283
    1266    1273    1272    1271    1270    1267
    1264    1270    1269    1782    1780    1265
    1281    1280    1278    1277    1300    1299
    1279    1304    1301    1276    1275    1280
    1286    1285    1283    1282    1874    1878
    1298    1300    1288    1287    1285    1284
    1289    1309    1313    1294    1293    1290
    1296    1293    1292    1299    1298    1297
    1868    1291    1290    1296    1295    1870
    1326    1325    1307    1306    1304    1303
    1306    1305    1329    1327    1302    1301
    1384    1388    1312    1311    1309    1308
    1311    1310    1324    1326    1314    1313
    1316    1315    1332    1335    1320    1319
    1323    1322    1319    1318    1325    1324
    1380    1378    1317    1316    1322    1321
    1328    1344    1343    1331    1330    1329
    1335    1334    1333    1342    1344    1336
    1342    1341    1340    1339    1338    1343
    1445    1448    1350    1349    1346    1345
    1349    1348    1370    1369    1353    1352
    1347    1346    1352    1351    1374    1371
    1360    1359    1357    1356    1368    1370
    1457    1455    1355    1354    1359    1358
    1365    1364    1362    1361    1378    1381
    1369    1368    1367    1366    1364    1363
    1376    1374    1373    1392    1391    1377
    1393    1372    1371    1376    1375    1396
    1392    1382    1381    1380    1379    1390
    1405    1387    1386    1384    1383    1401
    1385    1391    1390    1389    1388    1386
    1399    1398    1396    1395    1418    1417
    1397    1422    1419    1394    1393    1398
    1404    1403    1401    1400    1852    1856
    1416    1418    1406    1405    1403    1402
    1407    1427    1431    1412    1411    1408
    1414    1411    1410    1417    1416    1415
    1846    1409    1408    1414    1413    1848
    1444    1443    1425    1424    1422    1421
    1424    1423    1447    1445    1420    1419
    1502    1506    1430    1429    1427    1426
    1429    1428    1442    1444    1432    1431
    1434    1433    1450    1453    1438    1437
    1441    1440    1437    1436    1443    1442
    1498    1496    1435    1434    1440    1439
    1446    1462    1461    1449    1448    1447
    1453    1452    1451    1460    1462    1454
    1460    1459    1458    1457    1456    1461
    1563    1566    1468    1467    1464    1463
    1467    1466    1488    1487    1471    1470
    1465    1464    1470    1469    1492    1489
    1478    1477    1475    1474    1486    1488
    1575    1573    1473    1472    1477    1476
    1483    1482    1480    1479    1496    1499
    1487    1486    1485    1484    1482    1481
    1494    1492    1491    1510    1509    1495
    1511    1490    1489    1494    1493    1514
    1510    1500    1499    1498    1497    1508
    1523    1505    1504    1502    1501    1519
    1503    1509    1508    1507    1506    1504
    1535    1517    1516    1514    1513    1536
    1515    1540    1537    1512    1511    1516
    1522    1521    1519    1518    1830    1834
    1534    1536    1524    1523    1521    1520
    1525    1545    1549    1530    1529    1526
    1532    1529    1528    1535    1534    1533
    1822    1527    1526    1532    1531    1825
    1562    1561    1543    1542    1540    1539
    1542    1541    1565    1563    1538    1537
    1620    1624    1548    1547    1545    1544
    1547    1546    1560    1562    1550    1549
    1552    1551    1568    1571    1556    1555
    1559    1558    1555    1554    1561    1560
    1616    1614    1553    1552    1558    1557
    1564    1580    1579    1567    1566    1565
    1571    1570    1569    1578    1580    1572
    1578    1577    1576    1575    1574    1579
    1681    1684    1586    1585    1582    1581
    1585    1584    1606    1605    1589    1588
    1583    1582    1588    1587    1610    1607
    1596    1595    1593    1592    1604    1606
    1693    1691    1591    1590    1595    1594
    1601    1600    1598    1597    1614    1617
    1605    1604    1603    1602    1600    1599
    1612    1610    1609    1628    1627    1613
    1629    1608    1607    1612    1611    1632
    1628    1618    1617    1616    1615    1626
    1641    1623    1622    1620    1619    1637
    1621    1627    1626    1625    1624    1622
    1653    1635    1634    1632    1631    1654
    1633    1658    1655    1630    1629    1634
    1640    1639    1637    1636    1915    1918
    1652    1654    1642    1641    1639    1638
    1643    1663    1667    1648    1647    1644
    1650    1647    1646    1653    1652    1651
    1910    1645    1644    1650    1649    1912
    1680    1679    1661    1660    1658    1657
    1660    1659    1683    1681    1656    1655
    1738    1742    1666    1665    1663    1662
    1665    1664    1678    1680    1668    1667
    1670    1669    1686    1689    1674    1673
    1677    1676    1673    1672    1679    1678
    1734    1732    1671    1670    1676    1675
    1682    1698    1697    1685    1684    1683
    1689    1688    1687    1696    1698    1690
    1696    1695    1694    1693    1692    1697
    1795    1798    1704    1703    1700    1699
    1703    1702    1724    1723    1707    1706
    1701    1700    1706    1705    1728    1725
    1714    1713    1711    1710    1722    1724
    1807    1805    1709    1708    1713    1712
    1719    1718    1716    1715    1732    1735
    1723    1722    1721    1720    1718    1717
    1730    1728    1727    1746    1745    1731
    1747    1726    1725    1730    1729    1750
    1746    1736    1735    1734    1733    1744
    1759    1741    1740    1738    1737    1755
    1739    1745    1744    1743    1742    1740
    1771    1753    1752    1750    1749    1772
    1751    1776    1773    1748    1747    1752
    1758    1757    1755    1754    1896    1900
    1770    1772    1760    1759    1757    1756
    1761    1780    1783    1766    1765    1762
    1768    1765    1764    1771    1770    1769
    1890    1763    1762    1768    1767    1892
    1794    1793    1779    1778    1776    1775
    1778    1777    1797    1795    1774    1773
    1782    1781    1792    1794    1784    1783
    1786    1785    1800    1803    1789    1788
    1791    1790    1788    1787    1793    1792
    1796    1812    1811    1799    1798    1797
    1803    1802    1801    1810    1812    1804
    1810    1809    1808    1807    1806    1811
    1905    1908    1818    1817    1814    1813
    1817    1816    1838    1837    1821    1820
    1814    1820    1819    1842    1839    1815
    1828    1827    1825    1824    1836    1838
    1917    1915    1823    1822    1827    1826
    1832    1830    1829    1846    1849    1833
    1836    1835    1834    1832    1831    1837
    1842    1841    1860    1859    1845    1844
    1839    1844    1843    1864    1861    1840
    1850    1849    1848    1847    1858    1860
    1854    1852    1851    1868    1871    1855
    1858    1857    1856    1854    1853    1859
    1863    1882    1881    1867    1866    1864
    1861    1866    1865    1886    1883    1862
    1872    1871    1870    1869    1880    1882
    1876    1874    1873    1890    1893    1877
    1880    1879    1878    1876    1875    1881
    1885    1904    1903    1889    1888    1886
    1883    1888    1887    1907    1905    1884
    1894    1893    1892    1891    1902    1904
    1898    1896    1895    1910    1913    1899
    1902    1901    1900    1898    1897    1903
    1907    1906    1922    1921    1909    1908
    1914    1913    1912    1911    1920    1922
    1920    1919    1918    1917    1916    1921
     484     485      21     566     591     123
     490     125     485     483     123     487
     513     514      21     483     484     125
     512     124     487     488      33     500
     124     490     484     123     488     486
     486     487     123     594     595      33
     515     516     125     490     491      35
     489     125     484     487     124     491
      35     489     490     124     511     504
     682     126     493     494       1     681
     126     496     499     128     494     492
     492     493     128     603     604       1
      34     509     510     127     496     497
     497     495     127     499     493     126
     687      34     495     496     126     686
     499     500      33     605     606     128
     496     127     500     498     128     493
     127     512     486      33     498     499
     520     521     129     502     503       2
     501     129     505     508     131     503
       2     501     502     131     676     657
     506      35     491     511     130     505
     129     506     504     130     508     502
     525     526      35     504     505     129
     131     508     509      34     677     678
     502     505     130     509     507     131
     508     130     510     495      34     507
     509     130     511     512     127     495
     504     491     124     512     510     130
     510     511     124     486     500     127
     133     514     485     125     516     518
     539     540      21     485     513     133
     538     132     516     489      35     526
     132     518     513     125     489     515
     541     542     133     518     519      37
     517     133     513     516     132     519
      37     517     518     132     537     530
     808     134     521     501       2     807
     134     523     525     129     501     520
      36     535     536     135     523     524
     524     522     135     525     521     134
     813      36     522     523     134     812
     523     135     526     506     129     521
     135     538     515      35     506     525
     546     547     136     528     529       3
     527     136     531     534     138     529
       3     527     528     138     802     783
     532      37     519     537     137     531
     136     532     530     137     534     528
     551     552      37     530     531     136
     138     534     535      36     803     804
     528     531     137     535     533     138
     534     137     536     522      36     533
     535     137     537     538     135     522
     530     519     132     538     536     137
     536     537     132     515     526     135
     544     140     540     514     133     542
     565     566      21     514     539     140
     564     139     542     517      37     552
     139     544     539     133     517     541
     567     568     140     544     545      39
     543     140     539     542     139     545
      39     543     544     139     563     556
     930     141     547     527       3     929
     141     549     551     136     527     546
      38     561     562     142     549     550
     550     548     142     551     547     141
     935      38     548     549     141     934
     549     142     552     532     136     547
     142     564     541      37     532     551
     572     573     143     554     555       4
     553     143     557     560     145     555
       4     553     554     145     924     905
     558      39     545     563     144     557
     143     558     556     144     560     554
     577     578      39     556     557     143
     145     560     561      38     925     926
     554     557     144     561     559     145
     560     144     562     548      38     559
     561     144     563     564     142     548
     556     545     139     564     562     144
     562     563     139     541     552     142
     570     147     566     540     140     568
     591     483      21     540     565     147
     590     146     568     543      39     578
     146     570     565     140     543     567
     592     593     147     570     571      41
     569     147     565     568     146     571
      41     569     570     146     589     582
    1052     148     573     553       4    1051
     148     575     577     143     553     572
      40     587     588     149     575     576
     576     574     149     577     573     148
    1057      40     574     575     148    1056
     575     149     578     558     143     573
     149     590     567      39     558     577
     596     597     150     580     581       5
     579     150     583     586     152     581
       5     579     580     152    1046    1027
     584      41     571     589     151     583
     150     584     582     151     586     580
     601     602      41     582     583     150
     152     586     587      40    1047    1048
     580     583     151     587     585     152
     586     151     588     574      40     585
     151     589     590     149     574     587
     582     571     146     590     588     151
     588     589     146     567     578     149
     123     483     566     147     593     594
     612     153     593     569      41     602
     153     594     591     147     569     592
     488     123     591     593     153     595
      33     488     594     153     611     605
    1170     154     597     579       5    1169
     154     599     601     150     579     596
      42     609     610     155     599     600
     600     598     155     601     597     154
    1175      42     598     599     154    1174
     599     155     602     584     150     597
     155     612     592      41     584     601
     494     128     606     608     157     604
       1     494     603     157    1164    1147
     498      33     595     611     156     606
     128     498     605     156     608     603
     157     608     609      42    1165    1166
     603     606     156     609     607     157
     608     156     610     598      42     607
     609     156     611     612     155     598
     605     595     153     612     610     156
     610     611     153     592     602     155
     614     615      22     692     717     158
     620     160     615     613     158     617
     160     643     644      22     613     614
     642     159     617     618      43     630
     159     620     614     158     618     616
     616     617     158     720     721      43
      45     645     646     160     620     621
     621     619     160     614     617     159
     634      45     619     620     159     641
    1362     161     623     624      11    1361
     161     626     629     163     624     622
     622     623     163     729     730      11
      44     639     640     162     626     627
     627     625     162     629     623     161
    1367      44     625     626     161    1366
     629     630      43     731     732     163
     626     162     630     628     163     623
     162     642     616      43     628     629
       7     650     651     164     632     633
     633     631     164     635     638     166
    1355       7     631     632     166    1354
     635     636      45     621     641     165
     632     164     636     634     165     638
     164     655     656      45     634     635
    1357     166     638     639      44    1356
     166     632     635     165     639     637
     637     638     165     640     625      44
     639     165     641     642     162     625
     165     634     621     159     642     640
     640     641     159     616     630     162
     646     648     168     644     615     160
     643     168     669     670      22     615
     656     668     167     646     619      45
     645     167     648     643     160     619
     649      47     671     672     168     648
     167     649     647     168     643     646
     667     660      47     647     648     167
     829     830     169     651     631       7
     650     169     653     655     164     631
     654      46     665     666     170     653
     169     654     652     170     655     651
     834     835      46     652     653     169
     651     653     170     656     636     164
     655     170     668     645      45     636
     659       2     503     676     171     658
     173     659     657     171     661     664
     824     807       2     657     658     173
     172     661     662      47     649     667
     664     658     171     662     660     172
     661     171     679     680      47     660
     825     826     173     664     665      46
     663     173     658     661     172     665
      46     663     664     172     666     652
     652     665     172     667     668     170
     666     172     660     649     167     668
     170     666     667     167     645     656
     168     672     674     175     670     644
      22     644     669     175     691     692
      47     680     690     174     672     647
     647     671     174     674     669     168
     175     674     675      48     693     694
     669     672     174     675     673     175
     674     174     689     683      48     673
     657     503     131     678     679     171
     678     507      34     687     688     176
     676     131     507     677     176     679
     171     676     678     176     680     662
     662     679     176     690     671      47
     177     682     492       1     698     699
     684     686     126     492     681     177
     675     689     178     684     685      48
     683     178     686     682     177     685
      48     683     684     177     703     704
     178     687     497     126     682     684
     688     677      34     497     686     178
     690     176     677     687     178     689
     174     690     688     178     683     675
     680     176     688     689     174     671
     692     670     175     694     696     180
     613      22     670     691     180     717
     694     673      48     704     716     179
     691     175     673     693     179     696
     719     180     696     697      50     718
     180     691     694     179     697     695
     695     696     179     715     708      50
     699     681       1    1147    1148     181
     703     177     681     698     181     701
     714     182     701     702      49     713
     182     703     699     181     702     700
     700     701     181    1152    1153      49
     704     685     177     699     701     182
     693      48     685     703     182     716
     723     183     706     707       6     722
     183     709     712     185     707     705
     705     706     185    1142    1123       6
      50     697     715     184     709     710
     710     708     184     712     706     183
     728      50     708     709     183     727
     712     713      49    1143    1144     185
     709     184     713     711     185     706
     184     714     700      49     711     712
     715     716     182     700     713     184
     697     179     716     714     184     708
     179     693     704     182     714     715
     158     613     692     180     719     720
     186     719     695      50     728     738
     720     717     180     695     718     186
     618     158     717     719     186     721
      43     618     720     186     737     731
     187     723     705       6    1233    1337
     725     727     183     705     722     187
     735     736     188     725     726      51
     724     188     727     723     187     726
      51     724     725     187    1340    1341
     188     728     710     183     723     725
     738     718      50     710     727     188
     624     163     732     734     190     730
      11     624     729     190    1332    1315
     628      43     721     737     189     732
     163     628     731     189     734     729
     190     734     735      51    1333    1334
     729     732     189     735     733     190
     734     189     736     724      51     733
     189     737     738     188     724     735
     731     721     186     738     736     189
     737     186     718     728     188     736
     740     741      23     818     839     191
     746     193     741     739     191     743
     193     769     770      23     739     740
     768     192     743     744      52     756
     192     746     740     191     744     742
     742     743     191     842     843      52
      54     771     772     193     746     747
     747     745     193     740     743     192
     760      54     745     746     192     767
    1480     194     749     750      12    1479
     194     752     755     196     750     748
     748     749     196     851     852      12
      53     765     766     195     752     753
     753     751     195     755     749     194
    1485      53     751     752     194    1484
     755     756      52     853     854     196
     752     195     756     754     196     749
     195     768     742      52     754     755
       8     776     777     197     758     759
     759     757     197     761     764     199
    1473       8     757     758     199    1472
     761     762      54     747     767     198
     758     197     762     760     198     764
     197     781     782      54     760     761
    1475     199     764     765      53    1474
     199     758     761     198     765     763
     763     764     198     766     751      53
     765     198     767     768     195     751
     198     760     747     192     768     766
     766     767     192     742     756     195
     772     774     201     770     741     193
     769     201     795     796      23     741
     782     794     200     772     745      54
     771     200     774     769     193     745
     775      56     797     798     201     774
     200     775     773     201     769     772
     793     786      56     773     774     200
     951     952     202     777     757       8
     776     202     779     781     197     757
     780      55     791     792     203     779
     202     780     778     203     781     777
     956     957      55     778     779     202
     777     779     203     782     762     197
     781     203     794     771      54     762
     785       3     529     802     204     784
     206     785     783     204     787     790
     946     929       3     783     784     206
     205     787     788      56     775     793
     790     784     204     788     786     205
     787     204     805     806      56     786
     947     948     206     790     791      55
     789     206     784     787     205     791
      55     789     790     205     792     778
     778     791     205     793     794     203
     792     205     786     775     200     794
     203     792     793     200     771     782
     770     201     798     800     208     796
      23     770     795     208     817     818
      56     806     816     207     798     773
     773     797     207     800     795     201
     208     800     801      57     819     820
     795     798     207     801     799     208
     800     207     815     809      57     799
     783     529     138     804     805     204
     804     533      36     813     814     209
     802     138     533     803     209     805
     204     802     804     209     806     788
     788     805     209     816     797      56
     210     808     520       2     659     824
     810     812     134     520     807     210
     801     815     211     810     811      57
     809     211     812     808     210     811
      57     809     810     210     827     828
     211     813     524     134     808     810
     814     803      36     524     812     211
     209     803     813     211     815     816
     207     816     814     211     809     801
     806     209     814     815     207     797
     818     796     208     820     822     213
     739      23     796     817     213     839
     820     799      57     828     838     212
     817     208     799     819     212     822
     841     213     822     823      58     840
     213     817     820     212     823     821
     821     822     212     837     831      58
     827     210     807     659     173     826
     836     214     826     663      46     835
     214     827     824     173     663     825
     828     811     210     824     826     214
     819      57     811     827     214     838
     845     215     830     650       7     844
     215     832     834     169     650     829
      58     823     837     216     832     833
     833     831     216     834     830     215
     850      58     831     832     215     849
     832     216     835     654     169     830
     216     836     825      46     654     834
     837     838     214     825     835     216
     823     212     838     836     216     831
     212     819     828     214     836     837
     191     739     818     213     841     842
     217     841     821      58     850     860
     842     839     213     821     840     217
     744     191     839     841     217     843
      52     744     842     217     859     853
     218     845     829       7    1355    1455
     847     849     215     829     844     218
     857     858     219     847     848      59
     846     219     849     845     218     848
      59     846     847     218    1458    1459
     219     850     833     215     845     847
     860     840      58     833     849     219
     750     196     854     856     221     852
      12     750     851     221    1450    1433
     754      52     843     859     220     854
     196     754     853     220     856     851
     221     856     857      59    1451    1452
     851     854     220     857     855     221
     856     220     858     846      59     855
     220     859     860     219     846     857
     853     843     217     860     858     220
     859     217     840     850     219     858
     862     863      24     940     961     222
     868     224     863     861     222     865
     224     891     892      24     861     862
     890     223     865     866      60     878
     223     868     862     222     866     864
     864     865     222     964     965      60
      62     893     894     224     868     869
     869     867     224     862     865     223
     882      62     867     868     223     889
    1598     225     871     872      13    1597
     225     874     877     227     872     870
     870     871     227     973     974      13
      61     887     888     226     874     875
     875     873     226     877     871     225
    1603      61     873     874     225    1602
     877     878      60     975     976     227
     874     226     878     876     227     871
     226     890     864      60     876     877
       9     898     899     228     880     881
     881     879     228     883     886     230
    1591       9     879     880     230    1590
     883     884      62     869     889     229
     880     228     884     882     229     886
     228     903     904      62     882     883
    1593     230     886     887      61    1592
     230     880     883     229     887     885
     885     886     229     888     873      61
     887     229     889     890     226     873
     229     882     869     223     890     888
     888     889     223     864     878     226
     894     896     232     892     863     224
     891     232     917     918      24     863
     904     916     231     894     867      62
     893     231     896     891     224     867
     897      64     919     920     232     896
     231     897     895     232     891     894
     915     908      64     895     896     231
    1073    1074     233     899     879       9
     898     233     901     903     228     879
     902      63     913     914     234     901
     233     902     900     234     903     899
    1078    1079      63     900     901     233
     899     901     234     904     884     228
     903     234     916     893      62     884
     907       4     555     924     235     906
     237     907     905     235     909     912
    1068    1051       4     905     906     237
     236     909     910      64     897     915
     912     906     235     910     908     236
     909     235     927     928      64     908
    1069    1070     237     912     913      63
     911     237     906     909     236     913
      63     911     912     236     914     900
     900     913     236     915     916     234
     914     236     908     897     231     916
     234     914     915     231     893     904
     892     232     920     922     239     918
      24     892     917     239     939     940
      64     928     938     238     920     895
     895     919     238     922     917     232
     239     922     923      65     941     942
     917     920     238     923     921     239
     922     238     937     931      65     921
     905     555     145     926     927     235
     926     559      38     935     936     240
     924     145     559     925     240     927
     235     924     926     240     928     910
     910     927     240     938     919      64
     241     930     546       3     785     946
     932     934     141     546     929     241
     923     937     242     932     933      65
     931     242     934     930     241     933
      65     931     932     241     949     950
     242     935     550     141     930     932
     936     925      38     550     934     242
     938     240     925     935     242     937
     238     938     936     242     931     923
     928     240     936     937     238     919
     940     918     239     942     944     244
     861      24     918     939     244     961
     942     921      65     950     960     243
     939     239     921     941     243     944
     963     244     944     945      66     962
     244     939     942     243     945     943
     943     944     243     959     953      66
     949     241     929     785     206     948
     958     245     948     789      55     957
     245     949     946     206     789     947
     950     933     241     946     948     245
     941      65     933     949     245     960
     967     246     952     776       8     966
     246     954     956     202     776     951
      66     945     959     247     954     955
     955     953     247     956     952     246
     972      66     953     954     246     971
     954     247     957     780     202     952
     247     958     947      55     780     956
     959     960     245     947     957     247
     945     243     960     958     247     953
     243     941     950     245     958     959
     222     861     940     244     963     964
     248     963     943      66     972     982
     964     961     244     943     962     248
     866     222     961     963     248     965
      60     866     964     248     981     975
     249     967     951       8    1473    1573
     969     971     246     951     966     249
     979     980     250     969     970      67
     968     250     971     967     249     970
      67     968     969     249    1576    1577
     250     972     955     246     967     969
     982     962      66     955     971     250
     872     227     976     978     252     974
      13     872     973     252    1568    1551
     876      60     965     981     251     976
     227     876     975     251     978     973
     252     978     979      67    1569    1570
     973     976     251     979     977     252
     978     251     980     968      67     977
     251     981     982     250     968     979
     975     965     248     982     980     251
     981     248     962     972     250     980
     984     985      25    1062    1083     253
     990     255     985     983     253     987
     255    1013    1014      25     983     984
    1012     254     987     988      68    1000
     254     990     984     253     988     986
     986     987     253    1086    1087      68
      70    1015    1016     255     990     991
     991     989     255     984     987     254
    1004      70     989     990     254    1011
    1716     256     993     994      14    1715
     256     996     999     258     994     992
     992     993     258    1095    1096      14
      69    1009    1010     257     996     997
     997     995     257     999     993     256
    1721      69     995     996     256    1720
     999    1000      68    1097    1098     258
     996     257    1000     998     258     993
     257    1012     986      68     998     999
      10    1020    1021     259    1002    1003
    1003    1001     259    1005    1008     261
    1709      10    1001    1002     261    1708
    1005    1006      70     991    1011     260
    1002     259    1006    1004     260    1008
     259    1025    1026      70    1004    1005
    1711     261    1008    1009      69    1710
     261    1002    1005     260    1009    1007
    1007    1008     260    1010     995      69
    1009     260    1011    1012     257     995
     260    1004     991     254    1012    1010
    1010    1011     254     986    1000     257
    1016    1018     263    1014     985     255
    1013     263    1039    1040      25     985
    1026    1038     262    1016     989      70
    1015     262    1018    1013     255     989
    1019      72    1041    1042     263    1018
     262    1019    1017     263    1013    1016
    1037    1030      72    1017    1018     262
    1191    1192     264    1021    1001      10
    1020     264    1023    1025     259    1001
    1024      71    1035    1036     265    1023
     264    1024    1022     265    1025    1021
    1196    1197      71    1022    1023     264
    1021    1023     265    1026    1006     259
    1025     265    1038    1015      70    1006
    1029       5     581    1046     266    1028
     268    1029    1027     266    1031    1034
    1186    1169       5    1027    1028     268
     267    1031    1032      72    1019    1037
    1034    1028     266    1032    1030     267
    1031     266    1049    1050      72    1030
    1187    1188     268    1034    1035      71
    1033     268    1028    1031     267    1035
      71    1033    1034     267    1036    1022
    1022    1035     267    1037    1038     265
    1036     267    1030    1019     262    1038
     265    1036    1037     262    1015    1026
    1014     263    1042    1044     270    1040
      25    1014    1039     270    1061    1062
      72    1050    1060     269    1042    1017
    1017    1041     269    1044    1039     263
     270    1044    1045      73    1063    1064
    1039    1042     269    1045    1043     270
    1044     269    1059    1053      73    1043
    1027     581     152    1048    1049     266
    1048     585      40    1057    1058     271
    1046     152     585    1047     271    1049
     266    1046    1048     271    1050    1032
    1032    1049     271    1060    1041      72
     272    1052     572       4     907    1068
    1054    1056     148     572    1051     272
    1045    1059     273    1054    1055      73
    1053     273    1056    1052     272    1055
      73    1053    1054     272    1071    1072
     273    1057     576     148    1052    1054
    1058    1047      40     576    1056     273
     271    1047    1057     273    1059    1060
     269    1060    1058     273    1053    1045
    1050     271    1058    1059     269    1041
    1062    1040     270    1064    1066     275
     983      25    1040    1061     275    1083
    1064    1043      73    1072    1082     274
    1061     270    1043    1063     274    1066
    1085     275    1066    1067      74    1084
     275    1061    1064     274    1067    1065
    1065    1066     274    1081    1075      74
    1071     272    1051     907     237    1070
    1080     276    1070     911      63    1079
     276    1071    1068     237     911    1069
    1072    1055     272    1068    1070     276
    1063      73    1055    1071     276    1082
    1089     277    1074     898       9    1088
     277    1076    1078     233     898    1073
      74    1067    1081     278    1076    1077
    1077    1075     278    1078    1074     277
    1094      74    1075    1076     277    1093
    1076     278    1079     902     233    1074
     278    1080    1069      63     902    1078
    1081    1082     276    1069    1079     278
    1067     274    1082    1080     278    1075
     274    1063    1072     276    1080    1081
     253     983    1062     275    1085    1086
     279    1085    1065      74    1094    1104
    1086    1083     275    1065    1084     279
     988     253    1083    1085     279    1087
      68     988    1086     279    1103    1097
     280    1089    1073       9    1591    1691
    1091    1093     277    1073    1088     280
    1101    1102     281    1091    1092      75
    1090     281    1093    1089     280    1092
      75    1090    1091     280    1694    1695
     281    1094    1077     277    1089    1091
    1104    1084      74    1077    1093     281
     994     258    1098    1100     283    1096
      14     994    1095     283    1686    1669
     998      68    1087    1103     282    1098
     258     998    1097     282    1100    1095
     283    1100    1101      75    1687    1688
    1095    1098     282    1101    1099     283
    1100     282    1102    1090      75    1099
     282    1103    1104     281    1090    1101
    1097    1087     279    1104    1102     282
    1103     279    1084    1094     281    1102
    1106    1107      26    1180    1201     284
    1112     286    1107    1105     284    1109
     286    1135    1136      26    1105    1106
    1134     285    1109    1110      76    1122
     285    1112    1106     284    1110    1108
    1108    1109     284    1204    1205      76
      78    1137    1138     286    1112    1113
    1113    1111     286    1106    1109     285
    1126      78    1111    1112     285    1133
    1240     287    1115    1116      15    1239
     287    1118    1121     289    1116    1114
    1114    1115     289    1213    1214      15
      77    1131    1132     288    1118    1119
    1119    1117     288    1121    1115     287
    1245      77    1117    1118     287    1244
    1121    1122      76    1215    1216     289
    1118     288    1122    1120     289    1115
     288    1134    1108      76    1120    1121
       6     707    1142     290    1124    1125
    1125    1123     290    1127    1130     292
    1233       6    1123    1124     292    1232
    1127    1128      78    1113    1133     291
    1124     290    1128    1126     291    1130
     290    1145    1146      78    1126    1127
    1235     292    1130    1131      77    1234
     292    1124    1127     291    1131    1129
    1129    1130     291    1132    1117      77
    1131     291    1133    1134     288    1117
     291    1126    1113     285    1134    1132
    1132    1133     285    1108    1122     288
    1138    1140     294    1136    1107     286
    1135     294    1157    1158      26    1107
    1146    1156     293    1138    1111      78
    1137     293    1140    1135     286    1111
    1141      79    1159    1160     294    1140
     293    1141    1139     294    1135    1138
    1155    1149      79    1139    1140     293
     707     185    1144    1145     290    1123
     711      49    1153    1154     295    1144
     185     711    1143     295    1145    1142
    1142    1144     295    1146    1128     290
    1145     295    1156    1137      78    1128
     698       1     604    1164     296    1148
     181     698    1147     296    1150    1152
     297    1150    1151      79    1141    1155
    1152    1148     296    1151    1149     297
    1150     296    1167    1168      79    1149
     702     181    1148    1150     297    1153
      49     702    1152     297    1154    1143
    1143    1153     297    1155    1156     295
    1154     297    1149    1141     293    1156
     295    1154    1155     293    1137    1146
     294    1160    1162     299    1158    1136
      26    1136    1157     299    1179    1180
      79    1168    1178     298    1160    1139
    1139    1159     298    1162    1157     294
     299    1162    1163      80    1181    1182
    1157    1160     298    1163    1161     299
    1162     298    1177    1171      80    1161
    1147     604     157    1166    1167     296
    1166     607      42    1175    1176     300
    1164     157     607    1165     300    1167
     296    1164    1166     300    1168    1151
    1151    1167     300    1178    1159      79
     301    1170     596       5    1029    1186
    1172    1174     154     596    1169     301
    1163    1177     302    1172    1173      80
    1171     302    1174    1170     301    1173
      80    1171    1172     301    1189    1190
     302    1175     600     154    1170    1172
    1176    1165      42     600    1174     302
    1178     300    1165    1175     302    1177
     298    1178    1176     302    1171    1163
    1168     300    1176    1177     298    1159
    1180    1158     299    1182    1184     304
    1105      26    1158    1179     304    1201
    1182    1161      80    1190    1200     303
    1179     299    1161    1181     303    1184
    1203     304    1184    1185      81    1202
     304    1179    1182     303    1185    1183
    1183    1184     303    1199    1193      81
    1189     301    1169    1029     268    1188
    1198     305    1188    1033      71    1197
     305    1189    1186     268    1033    1187
    1190    1173     301    1186    1188     305
    1181      80    1173    1189     305    1200
    1207     306    1192    1020      10    1206
     306    1194    1196     264    1020    1191
      81    1185    1199     307    1194    1195
    1195    1193     307    1196    1192     306
    1212      81    1193    1194     306    1211
    1194     307    1197    1024     264    1192
     307    1198    1187      71    1024    1196
    1199    1200     305    1187    1197     307
    1185     303    1200    1198     307    1193
     303    1181    1190     305    1198    1199
     284    1105    1180     304    1203    1204
     308    1203    1183      81    1212    1222
    1204    1201     304    1183    1202     308
    1110     284    1201    1203     308    1205
      76    1110    1204     308    1221    1215
     309    1207    1191      10    1709    1805
    1209    1211     306    1191    1206     309
    1219    1220     310    1209    1210      82
    1208     310    1211    1207     309    1210
      82    1208    1209     309    1808    1809
     310    1212    1195     306    1207    1209
    1222    1202      81    1195    1211     310
    1116     289    1216    1218     312    1214
      15    1116    1213     312    1800    1785
    1120      76    1205    1221     311    1216
     289    1120    1215     311    1218    1213
     312    1218    1219      82    1801    1802
    1213    1216     311    1219    1217     312
    1218     311    1220    1208      82    1217
     311    1221    1222     310    1208    1219
    1215    1205     308    1222    1220     311
    1221     308    1202    1212     310    1220
    1302    1327     313    1224    1225      27
    1223     313    1227    1230     315    1225
      27    1223    1224     315    1249    1250
    1228      83    1238    1248     314    1227
     313    1228    1226     314    1230    1224
    1330    1331      83    1226    1227     313
     315    1230    1231      84    1251    1252
    1224    1227     314    1231    1229     315
    1230     314    1247    1241      84    1229
     317    1233    1125     292    1235    1237
    1337     722       6    1125    1232     317
     316    1235    1129      77    1245    1246
    1237    1232     292    1129    1234     316
    1338    1339     317    1237    1238      83
    1236     317    1232    1235     316    1238
      83    1236    1237     316    1248    1226
     318    1240    1114      15    1256    1257
    1242    1244     287    1114    1239     318
    1231    1247     319    1242    1243      84
    1241     319    1244    1240     318    1243
      84    1241    1242     318    1261    1262
     319    1245    1119     287    1240    1242
    1246    1234      77    1119    1244     319
    1248     316    1234    1245     319    1247
     314    1248    1246     319    1241    1231
    1226    1238     316    1246    1247     314
    1250    1225     315    1252    1254     321
    1276      27    1225    1249     321    1275
    1252    1229      84    1262    1274     320
    1249     315    1229    1251     320    1254
    1278     321    1254    1255      86    1277
     321    1249    1252     320    1255    1253
    1253    1254     320    1273    1266      86
    1257    1239      15    1785    1786     322
    1261     318    1239    1256     322    1259
    1272     323    1259    1260      85    1271
     323    1261    1257     322    1260    1258
    1258    1259     322    1790    1791      85
    1262    1243     318    1257    1259     323
    1251      84    1243    1261     323    1274
    1283     324    1264    1265      20    1282
     324    1267    1270     326    1265    1263
    1263    1264     326    1780    1761      20
      86    1255    1273     325    1267    1268
    1268    1266     325    1270    1264     324
    1288      86    1266    1267     324    1287
    1270    1271      85    1781    1782     326
    1267     325    1271    1269     326    1264
     325    1272    1258      85    1269    1270
    1273    1274     323    1258    1271     325
    1255     320    1274    1272     325    1266
     320    1251    1262     323    1272    1273
    1280     328    1276    1250     321    1278
     328    1301    1302      27    1250    1275
     327    1278    1253      86    1288    1300
    1280    1275     321    1253    1277     327
      88    1303    1304     328    1280    1281
    1281    1279     328    1275    1278     327
    1292      88    1279    1280     327    1299
     329    1283    1263      20    1873    1874
    1285    1287     324    1263    1282     329
    1297    1298     330    1285    1286      87
    1284     330    1287    1283     329    1286
      87    1284    1285     329    1878    1879
     330    1288    1268     324    1283    1285
    1300    1277      86    1268    1287     330
      16    1308    1309     331    1290    1291
    1291    1289     331    1293    1296     333
    1851      16    1289    1290     333    1868
    1293    1294      88    1281    1299     332
    1290     331    1294    1292     332    1296
     331    1313    1314      88    1292    1293
    1870     333    1296    1297      87    1869
     333    1290    1293     332    1297    1295
    1295    1296     332    1298    1284      87
    1297     332    1299    1300     330    1284
     332    1292    1281     327    1300    1298
    1299     327    1277    1288     330    1298
    1304    1306     335    1302    1276     328
    1301     335    1327    1223      27    1276
    1314    1326     334    1304    1279      88
    1303     334    1306    1301     328    1279
    1307      90    1328    1329     335    1306
     334    1307    1305     335    1301    1304
    1325    1318      90    1305    1306     334
    1383    1384     336    1309    1289      16
    1308     336    1311    1313     331    1289
    1312      89    1323    1324     337    1311
     336    1312    1310     337    1313    1309
    1388    1389      89    1310    1311     336
    1309    1311     337    1314    1294     331
    1313     337    1326    1303      88    1294
    1317      11     730    1332     338    1316
     340    1317    1315     338    1319    1322
    1378    1361      11    1315    1316     340
     339    1319    1320      90    1307    1325
    1322    1316     338    1320    1318     339
    1319     338    1335    1336      90    1318
    1379    1380     340    1322    1323      89
    1321     340    1316    1319     339    1323
      89    1321    1322     339    1324    1310
    1310    1323     339    1325    1326     337
    1324     339    1318    1307     334    1326
     337    1324    1325     334    1303    1314
     335    1329    1330     313    1223    1302
      90    1336    1344     341    1329    1305
    1305    1328     341    1330    1327     335
    1329     341    1331    1228     313    1327
     341    1343    1338      83    1228    1330
    1315     730     190    1334    1335     338
    1334     733      51    1341    1342     342
    1332     190     733    1333     342    1335
     338    1332    1334     342    1336    1320
    1320    1335     342    1344    1328      90
    1340     187     722    1233     317    1339
    1343     343    1339    1236      83    1331
     343    1340    1337     317    1236    1338
    1341     726     187    1337    1339     343
    1333      51     726    1340     343    1342
     342    1333    1341     343    1343    1344
    1344    1342     343    1338    1331     341
    1336     342    1342    1343     341    1328
    1420    1445     344    1346    1347      28
    1345     344    1349    1352     346    1347
      28    1345    1346     346    1371    1372
    1350      91    1360    1370     345    1349
     344    1350    1348     345    1352    1346
    1448    1449      91    1348    1349     344
     346    1352    1353      92    1373    1374
    1346    1349     345    1353    1351     346
    1352     345    1369    1363      92    1351
     348    1355     633     166    1357    1359
    1455     844       7     633    1354     348
     347    1357     637      44    1367    1368
    1359    1354     166     637    1356     347
    1456    1457     348    1359    1360      91
    1358     348    1354    1357     347    1360
      91    1358    1359     347    1370    1348
     349    1362     622      11    1317    1378
    1364    1366     161     622    1361     349
    1353    1369     350    1364    1365      92
    1363     350    1366    1362     349    1365
      92    1363    1364     349    1381    1382
     350    1367     627     161    1362    1364
    1368    1356      44     627    1366     350
    1370     347    1356    1367     350    1369
     345    1370    1368     350    1363    1353
    1348    1360     347    1368    1369     345
    1372    1347     346    1374    1376     352
    1394      28    1347    1371     352    1393
    1374    1351      92    1382    1392     351
    1371     346    1351    1373     351    1376
    1396     352    1376    1377      93    1395
     352    1371    1374     351    1377    1375
    1375    1376     351    1391    1385      93
    1381     349    1361    1317     340    1380
    1390     353    1380    1321      89    1389
     353    1381    1378     340    1321    1379
    1382    1365     349    1378    1380     353
    1373      92    1365    1381     353    1392
    1401     354    1384    1308      16    1400
     354    1386    1388     336    1308    1383
      93    1377    1391     355    1386    1387
    1387    1385     355    1388    1384     354
    1406      93    1385    1386     354    1405
    1386     355    1389    1312     336    1384
     355    1390    1379      89    1312    1388
    1391    1392     353    1379    1389     355
    1377     351    1392    1390     355    1385
     351    1373    1382     353    1390    1391
     357    1394    1372     352    1396    1398
     357    1419    1420      28    1372    1393
     356    1396    1375      93    1406    1418
    1398    1393     352    1375    1395     356
      95    1421    1422     357    1398    1399
    1399    1397     357    1393    1396     356
    1410      95    1397    1398     356    1417
     358    1401    1383      16    1851    1852
    1403    1405     354    1383    1400     358
    1415    1416     359    1403    1404      94
    1402     359    1405    1401     358    1404
      94    1402    1403     358    1856    1857
     359    1406    1387     354    1401    1403
    1418    1395      93    1387    1405     359
      17    1426    1427     360    1408    1409
    1409    1407     360    1411    1414     362
    1829      17    1407    1408     362    1846
    1411    1412      95    1399    1417     361
    1408     360    1412    1410     361    1414
     360    1431    1432      95    1410    1411
    1848     362    1414    1415      94    1847
     362    1408    1411     361    1415    1413
    1413    1414     361    1416    1402      94
    1415     361    1417    1418     359    1402
     361    1410    1399     356    1418    1416
    1417     356    1395    1406     359    1416
    1422    1424     364    1420    1394     357
    1419     364    1445    1345      28    1394
    1432    1444     363    1422    1397      95
    1421     363    1424    1419     357    1397
    1425      97    1446    1447     364    1424
     363    1425    1423     364    1419    1422
    1443    1436      97    1423    1424     363
    1501    1502     365    1427    1407      17
    1426     365    1429    1431     360    1407
    1430      96    1441    1442     366    1429
     365    1430    1428     366    1431    1427
    1506    1507      96    1428    1429     365
    1427    1429     366    1432    1412     360
    1431     366    1444    1421      95    1412
    1435      12     852    1450     367    1434
     369    1435    1433     367    1437    1440
    1496    1479      12    1433    1434     369
     368    1437    1438      97    1425    1443
    1440    1434     367    1438    1436     368
    1437     367    1453    1454      97    1436
    1497    1498     369    1440    1441      96
    1439     369    1434    1437     368    1441
      96    1439    1440     368    1442    1428
    1428    1441     368    1443    1444     366
    1442     368    1436    1425     363    1444
     366    1442    1443     363    1421    1432
     364    1447    1448     344    1345    1420
      97    1454    1462     370    1447    1423
    1423    1446     370    1448    1445     364
    1447     370    1449    1350     344    1445
     370    1461    1456      91    1350    1448
    1433     852     221    1452    1453     367
    1452     855      59    1459    1460     371
    1450     221     855    1451     371    1453
     367    1450    1452     371    1454    1438
    1438    1453     371    1462    1446      97
    1458     218     844    1355     348    1457
    1461     372    1457    1358      91    1449
     372    1458    1455     348    1358    1456
    1459     848     218    1455    1457     372
    1451      59     848    1458     372    1460
     371    1451    1459     372    1461    1462
    1462    1460     372    1456    1449     370
    1454     371    1460    1461     370    1446
    1538    1563     373    1464    1465      29
    1463     373    1467    1470     375    1465
      29    1463    1464     375    1489    1490
    1468      98    1478    1488     374    1467
     373    1468    1466     374    1470    1464
    1566    1567      98    1466    1467     373
     375    1470    1471      99    1491    1492
    1464    1467     374    1471    1469     375
    1470     374    1487    1481      99    1469
     377    1473     759     199    1475    1477
    1573     966       8     759    1472     377
     376    1475     763      53    1485    1486
    1477    1472     199     763    1474     376
    1574    1575     377    1477    1478      98
    1476     377    1472    1475     376    1478
      98    1476    1477     376    1488    1466
     378    1480     748      12    1435    1496
    1482    1484     194     748    1479     378
    1471    1487     379    1482    1483      99
    1481     379    1484    1480     378    1483
      99    1481    1482     378    1499    1500
     379    1485     753     194    1480    1482
    1486    1474      53     753    1484     379
    1488     376    1474    1485     379    1487
     374    1488    1486     379    1481    1471
    1466    1478     376    1486    1487     374
    1490    1465     375    1492    1494     381
    1512      29    1465    1489     381    1511
    1492    1469      99    1500    1510     380
    1489     375    1469    1491     380    1494
    1514     381    1494    1495     100    1513
     381    1489    1492     380    1495    1493
    1493    1494     380    1509    1503     100
    1499     378    1479    1435     369    1498
    1508     382    1498    1439      96    1507
     382    1499    1496     369    1439    1497
    1500    1483     378    1496    1498     382
    1491      99    1483    1499     382    1510
    1519     383    1502    1426      17    1518
     383    1504    1506     365    1426    1501
     100    1495    1509     384    1504    1505
    1505    1503     384    1506    1502     383
    1524     100    1503    1504     383    1523
    1504     384    1507    1430     365    1502
     384    1508    1497      96    1430    1506
    1509    1510     382    1497    1507     384
    1495     380    1510    1508     384    1503
     380    1491    1500     382    1508    1509
    1516     386    1512    1490     381    1514
     386    1537    1538      29    1490    1511
     385    1514    1493     100    1524    1536
    1516    1511     381    1493    1513     385
     102    1539    1540     386    1516    1517
    1517    1515     386    1511    1514     385
    1528     102    1515    1516     385    1535
     387    1519    1501      17    1829    1830
    1521    1523     383    1501    1518     387
    1533    1534     388    1521    1522     101
    1520     388    1523    1519     387    1522
     101    1520    1521     387    1834    1835
     388    1524    1505     383    1519    1521
    1536    1513     100    1505    1523     388
      18    1544    1545     389    1526    1527
    1527    1525     389    1529    1532     391
    1823      18    1525    1526     391    1822
    1529    1530     102    1517    1535     390
    1526     389    1530    1528     390    1532
     389    1549    1550     102    1528    1529
    1825     391    1532    1533     101    1824
     391    1526    1529     390    1533    1531
    1531    1532     390    1534    1520     101
     390    1535    1536     388    1520    1533
     390    1528    1517     385    1536    1534
    1535     385    1513    1524     388    1534
    1540    1542     393    1538    1512     386
    1537     393    1563    1463      29    1512
    1550    1562     392    1540    1515     102
    1539     392    1542    1537     386    1515
    1543     104    1564    1565     393    1542
     392    1543    1541     393    1537    1540
    1561    1554     104    1541    1542     392
    1619    1620     394    1545    1525      18
    1544     394    1547    1549     389    1525
    1548     103    1559    1560     395    1547
     394    1548    1546     395    1549    1545
    1624    1625     103    1546    1547     394
    1545    1547     395    1550    1530     389
    1549     395    1562    1539     102    1530
    1553      13     974    1568     396    1552
     398    1553    1551     396    1555    1558
    1614    1597      13    1551    1552     398
     397    1555    1556     104    1543    1561
    1558    1552     396    1556    1554     397
    1555     396    1571    1572     104    1554
    1615    1616     398    1558    1559     103
    1557     398    1552    1555     397    1559
     103    1557    1558     397    1560    1546
    1546    1559     397    1561    1562     395
    1560     397    1554    1543     392    1562
     395    1560    1561     392    1539    1550
     393    1565    1566     373    1463    1538
     104    1572    1580     399    1565    1541
    1541    1564     399    1566    1563     393
    1565     399    1567    1468     373    1563
     399    1579    1574      98    1468    1566
    1551     974     252    1570    1571     396
    1570     977      67    1577    1578     400
    1568     252     977    1569     400    1571
     396    1568    1570     400    1572    1556
    1556    1571     400    1580    1564     104
    1576     249     966    1473     377    1575
    1579     401    1575    1476      98    1567
     401    1576    1573     377    1476    1574
    1577     970     249    1573    1575     401
    1569      67     970    1576     401    1578
     400    1569    1577     401    1579    1580
    1580    1578     401    1574    1567     399
    1572     400    1578    1579     399    1564
    1656    1681     402    1582    1583      30
    1581     402    1585    1588     404    1583
      30    1581    1582     404    1607    1608
    1586     105    1596    1606     403    1585
     402    1586    1584     403    1588    1582
    1684    1685     105    1584    1585     402
     404    1588    1589     106    1609    1610
    1582    1585     403    1589    1587     404
    1588     403    1605    1599     106    1587
     406    1591     881     230    1593    1595
    1691    1088       9     881    1590     406
     405    1593     885      61    1603    1604
    1595    1590     230     885    1592     405
    1692    1693     406    1595    1596     105
    1594     406    1590    1593     405    1596
     105    1594    1595     405    1606    1584
     407    1598     870      13    1553    1614
    1600    1602     225     870    1597     407
    1589    1605     408    1600    1601     106
    1599     408    1602    1598     407    1601
     106    1599    1600     407    1617    1618
     408    1603     875     225    1598    1600
    1604    1592      61     875    1602     408
    1606     405    1592    1603     408    1605
     403    1606    1604     408    1599    1589
    1584    1596     405    1604    1605     403
    1608    1583     404    1610    1612     410
    1630      30    1583    1607     410    1629
    1610    1587     106    1618    1628     409
    1607     404    1587    1609     409    1612
    1632     410    1612    1613     107    1631
     410    1607    1610     409    1613    1611
    1611    1612     409    1627    1621     107
    1617     407    1597    1553     398    1616
    1626     411    1616    1557     103    1625
     411    1617    1614     398    1557    1615
    1618    1601     407    1614    1616     411
    1609     106    1601    1617     411    1628
    1637     412    1620    1544      18    1636
     412    1622    1624     394    1544    1619
     107    1613    1627     413    1622    1623
    1623    1621     413    1624    1620     412
    1642     107    1621    1622     412    1641
    1622     413    1625    1548     394    1620
     413    1626    1615     103    1548    1624
    1627    1628     411    1615    1625     413
    1613     409    1628    1626     413    1621
     409    1609    1618     411    1626    1627
     415    1630    1608     410    1632    1634
     415    1655    1656      30    1608    1629
     414    1632    1611     107    1642    1654
    1634    1629     410    1611    1631     414
     109    1657    1658     415    1634    1635
    1635    1633     415    1629    1632     414
    1646     109    1633    1634     414    1653
     416    1637    1619      18    1823    1915
    1639    1641     412    1619    1636     416
    1651    1652     417    1639    1640     108
    1638     417    1641    1637     416    1640
     108    1638    1639     416    1918    1919
     417    1642    1623     412    1637    1639
    1654    1631     107    1623    1641     417
      19    1662    1663     418    1644    1645
    1645    1643     418    1647    1650     420
    1895      19    1643    1644     420    1910
    1647    1648     109    1635    1653     419
    1644     418    1648    1646     419    1650
     418    1667    1668     109    1646    1647
    1912     420    1650    1651     108    1911
     420    1644    1647     419    1651    1649
    1649    1650     419    1652    1638     108
    1651     419    1653    1654     417    1638
     419    1646    1635     414    1654    1652
    1653     414    1631    1642     417    1652
    1658    1660     422    1656    1630     415
    1655     422    1681    1581      30    1630
    1668    1680     421    1658    1633     109
    1657     421    1660    1655     415    1633
    1661     111    1682    1683     422    1660
     421    1661    1659     422    1655    1658
    1679    1672     111    1659    1660     421
    1737    1738     423    1663    1643      19
    1662     423    1665    1667     418    1643
    1666     110    1677    1678     424    1665
     423    1666    1664     424    1667    1663
    1742    1743     110    1664    1665     423
    1663    1665     424    1668    1648     418
    1667     424    1680    1657     109    1648
    1671      14    1096    1686     425    1670
     427    1671    1669     425    1673    1676
    1732    1715      14    1669    1670     427
     426    1673    1674     111    1661    1679
    1676    1670     425    1674    1672     426
    1673     425    1689    1690     111    1672
    1733    1734     427    1676    1677     110
    1675     427    1670    1673     426    1677
     110    1675    1676     426    1678    1664
    1664    1677     426    1679    1680     424
    1678     426    1672    1661     421    1680
     424    1678    1679     421    1657    1668
     422    1683    1684     402    1581    1656
     111    1690    1698     428    1683    1659
    1659    1682     428    1684    1681     422
    1683     428    1685    1586     402    1681
     428    1697    1692     105    1586    1684
    1669    1096     283    1688    1689     425
    1688    1099      75    1695    1696     429
    1686     283    1099    1687     429    1689
     425    1686    1688     429    1690    1674
    1674    1689     429    1698    1682     111
    1694     280    1088    1591     406    1693
    1697     430    1693    1594     105    1685
     430    1694    1691     406    1594    1692
    1695    1092     280    1691    1693     430
    1687      75    1092    1694     430    1696
     429    1687    1695     430    1697    1698
    1698    1696     430    1692    1685     428
    1690     429    1696    1697     428    1682
    1774    1795     431    1700    1701      31
    1699     431    1703    1706     433    1701
      31    1699    1700     433    1725    1726
    1704     112    1714    1724     432    1703
     431    1704    1702     432    1706    1700
    1798    1799     112    1702    1703     431
     433    1706    1707     113    1727    1728
    1700    1703     432    1707    1705     433
    1706     432    1723    1717     113    1705
     435    1709    1003     261    1711    1713
    1805    1206      10    1003    1708     435
     434    1711    1007      69    1721    1722
    1713    1708     261    1007    1710     434
    1806    1807     435    1713    1714     112
    1712     435    1708    1711     434    1714
     112    1712    1713     434    1724    1702
     436    1716     992      14    1671    1732
    1718    1720     256     992    1715     436
    1707    1723     437    1718    1719     113
    1717     437    1720    1716     436    1719
     113    1717    1718     436    1735    1736
     437    1721     997     256    1716    1718
    1722    1710      69     997    1720     437
    1724     434    1710    1721     437    1723
     432    1724    1722     437    1717    1707
    1702    1714     434    1722    1723     432
    1726    1701     433    1728    1730     439
    1748      31    1701    1725     439    1747
    1728    1705     113    1736    1746     438
    1725     433    1705    1727     438    1730
    1750     439    1730    1731     114    1749
     439    1725    1728     438    1731    1729
    1729    1730     438    1745    1739     114
    1735     436    1715    1671     427    1734
    1744     440    1734    1675     110    1743
     440    1735    1732     427    1675    1733
    1736    1719     436    1732    1734     440
    1727     113    1719    1735     440    1746
    1755     441    1738    1662      19    1754
     441    1740    1742     423    1662    1737
     114    1731    1745     442    1740    1741
    1741    1739     442    1742    1738     441
    1760     114    1739    1740     441    1759
    1740     442    1743    1666     423    1738
     442    1744    1733     110    1666    1742
    1745    1746     440    1733    1743     442
    1731     438    1746    1744     442    1739
     438    1727    1736     440    1744    1745
    1752     444    1748    1726     439    1750
     444    1773    1774      31    1726    1747
     443    1750    1729     114    1760    1772
    1752    1747     439    1729    1749     443
     116    1775    1776     444    1752    1753
    1753    1751     444    1747    1750     443
    1764     116    1751    1752     443    1771
     445    1755    1737      19    1895    1896
    1757    1759     441    1737    1754     445
    1769    1770     446    1757    1758     115
    1756     446    1759    1755     445    1758
     115    1756    1757     445    1900    1901
     446    1760    1741     441    1755    1757
    1772    1749     114    1741    1759     446
      20    1265    1780     447    1762    1763
    1763    1761     447    1765    1768     449
    1873      20    1761    1762     449    1890
    1765    1766     116    1753    1771     448
    1762     447    1766    1764     448    1768
     447    1783    1784     116    1764    1765
    1892     449    1768    1769     115    1891
     449    1762    1765     448    1769    1767
    1767    1768     448    1770    1756     115
     448    1771    1772     446    1756    1769
     448    1764    1753     443    1772    1770
    1771     443    1749    1760     446    1770
    1776    1778     451    1774    1748     444
    1773     451    1795    1699      31    1748
    1784    1794     450    1776    1751     116
    1775     450    1778    1773     444    1751
    1779     117    1796    1797     451    1778
     450    1779    1777     451    1773    1776
    1793    1787     117    1777    1778     450
    1265     326    1782    1783     447    1761
    1269      85    1791    1792     452    1782
     326    1269    1781     452    1783    1780
    1780    1782     452    1784    1766     447
    1783     452    1794    1775     116    1766
    1256      15    1214    1800     453    1786
     322    1256    1785     453    1788    1790
     454    1788    1789     117    1779    1793
    1790    1786     453    1789    1787     454
    1788     453    1803    1804     117    1787
    1260     322    1786    1788     454    1791
      85    1260    1790     454    1792    1781
    1781    1791     454    1793    1794     452
    1792     454    1787    1779     450    1794
     452    1792    1793     450    1775    1784
     451    1797    1798     431    1699    1774
     117    1804    1812     455    1797    1777
    1777    1796     455    1798    1795     451
    1797     455    1799    1704     431    1795
     455    1811    1806     112    1704    1798
    1785    1214     312    1802    1803     453
    1802    1217      82    1809    1810     456
    1800     312    1217    1801     456    1803
     453    1800    1802     456    1804    1789
    1789    1803     456    1812    1796     117
    1808     309    1206    1709     435    1807
    1811     457    1807    1712     112    1799
     457    1808    1805     435    1712    1806
    1809    1210     309    1805    1807     457
    1801      82    1210    1808     457    1810
     456    1801    1809     457    1811    1812
    1812    1810     457    1806    1799     455
    1804     456    1810    1811     455    1796
    1884    1905     458    1814    1815      32
    1813     458    1817    1820     460    1815
    1813    1814     460    1839    1840      32
    1818     118    1828    1838     459    1817
     458    1818    1816     459    1820    1814
    1908    1909     118    1816    1817     458
    1820    1821     119    1841    1842     460
    1817     459    1821    1819     460    1814
     459    1837    1831     119    1819    1820
     462    1823    1527     391    1825    1827
    1915    1636      18    1527    1822     462
     461    1825    1531     101    1835    1836
    1827    1822     391    1531    1824     461
    1916    1917     462    1827    1828     118
    1826     462    1822    1825     461    1828
     118    1826    1827     461    1838    1816
    1830    1518      17    1409    1846     463
    1834     387    1518    1829     463    1832
    1837     464    1832    1833     119    1821
     464    1834    1830     463    1833    1831
    1831    1832     463    1849    1850     119
    1835    1522     387    1830    1832     464
    1824     101    1522    1834     464    1836
    1838     461    1824    1835     464    1837
    1838    1836     464    1831    1821     459
    1816    1828     461    1836    1837     459
    1815     460    1842    1844     466    1840
    1815    1839     466    1861    1862      32
    1819     119    1850    1860     465    1842
     460    1819    1841     465    1844    1839
    1844    1845     120    1863    1864     466
    1842     465    1845    1843     466    1839
     465    1859    1853     120    1843    1844
     463    1829    1409     362    1848    1849
     467    1848    1413      94    1857    1858
    1849    1846     362    1413    1847     467
    1833     463    1846    1848     467    1850
     119    1833    1849     467    1860    1841
    1852    1400      16    1291    1868     468
    1856     358    1400    1851     468    1854
    1859     469    1854    1855     120    1845
     469    1856    1852     468    1855    1853
    1853    1854     468    1871    1872     120
    1857    1404     358    1852    1854     469
    1847      94    1404    1856     469    1858
     467    1847    1857     469    1859    1860
    1860    1858     469    1853    1845     465
    1841    1850     467    1858    1859     465
     466    1864    1866     471    1862    1840
    1840    1861     471    1883    1884      32
    1843     120    1872    1882     470    1864
     466    1843    1863     470    1866    1861
    1866    1867     121    1885    1886     471
    1864     470    1867    1865     471    1861
     470    1881    1875     121    1865    1866
     468    1851    1291     333    1870    1871
     472    1870    1295      87    1879    1880
    1871    1868     333    1295    1869     472
    1855     468    1868    1870     472    1872
     120    1855    1871     472    1882    1863
    1874    1282      20    1763    1890     473
    1878     329    1282    1873     473    1876
    1881     474    1876    1877     121    1867
     474    1878    1874     473    1877    1875
    1875    1876     473    1893    1894     121
    1879    1286     329    1874    1876     474
    1869      87    1286    1878     474    1880
     472    1869    1879     474    1881    1882
    1882    1880     474    1875    1867     470
    1863    1872     472    1880    1881     470
     471    1886    1888     476    1884    1862
    1862    1883     476    1905    1813      32
    1865     121    1894    1904     475    1886
     471    1865    1885     475    1888    1883
    1888    1889     122    1906    1907     476
    1886     475    1889    1887     476    1883
     475    1903    1897     122    1887    1888
     473    1873    1763     449    1892    1893
     477    1892    1767     115    1901    1902
    1893    1890     449    1767    1891     477
    1877     473    1890    1892     477    1894
     121    1877    1893     477    1904    1885
    1896    1754      19    1645    1910     478
    1900     445    1754    1895     478    1898
    1903     479    1898    1899     122    1889
     479    1900    1896     478    1899    1897
    1897    1898     478    1913    1914     122
    1901    1758     445    1896    1898     479
    1891     115    1758    1900     479    1902
     477    1891    1901     479    1903    1904
    1904    1902     479    1897    1889     475
    1885    1894     477    1902    1903     475
     476    1907    1908     458    1813    1884
    1887     122    1914    1922     480    1907
     476    1887    1906     480    1908    1905
    1907     480    1909    1818     458    1905
     480    1921    1916     118    1818    1908
     478    1895    1645     420    1912    1913
     481    1912    1649     108    1919    1920
    1913    1910     420    1649    1911     481
    1899     478    1910    1912     481    1914
     122    1899    1913     481    1922    1906
    1918     416    1636    1823     462    1917
    1921     482    1917    1826     118    1909
     482    1918    1915     462    1826    1916
    1919    1640     416    1915    1917     482
    1911     108    1640    1918     482    1920
     481    1911    1919     482    1921    1922
    1922    1920     482    1916    1909     480
    1906    1914     481    1920    1921     480
