     177     126     128     157     296     181
     210     134     129     131     171     173
     241     141     136     138     204     206
     272     148     143     145     235     237
     301     154     150     152     266     268
     187     183     185     290     292     317
     218     215     169     164     166     348
     249     246     202     197     199     377
     280     277     233     228     230     406
     309     306     264     259     261     435
     349     161     163     190     338     340
     378     194     196     221     367     369
     407     225     227     252     396     398
     436     256     258     283     425     427
     318     287     289     312     453     322
     358     354     336     331     333     468
     387     383     365     360     362     463
     416     412     394     389     391     462
     445     441     423     418     420     478
     329     324     326     447     449     473
     133     140     147     123     125     133
     160     168     175     180     158     160
     193     201     208     213     191     193
     224     232     239     244     222     224
     255     263     270     275     253     255
     286     294     299     304     284     286
     328     335     313     315     321     328
     364     344     346     352     357     364
     386     393     373     375     381     386
     422     402     404     410     415     422
     451     431     433     439     444     451
     460     466     471     476     458     460
     127     124     123     153     156     128
     176     131     130     127     126     178
     135     132     125     124     130     129
     138     137     135     134     211     209
     142     139     133     132     137     136
     145     144     142     141     242     240
     149     146     140     139     144     143
     152     151     149     148     273     271
     155     153     147     146     151     150
     300     157     156     155     154     302
     162     159     158     186     189     163
     347     166     165     162     161     350
     164     170     167     160     159     165
     216     214     173     172     170     169
     172     171     176     174     168     167
     175     174     178     177     182     179
     184     182     181     297     295     185
     186     180     179     184     183     188
     190     189     188     187     343     342
     195     192     191     217     220     196
     376     199     198     195     194     379
     197     203     200     193     192     198
     247     245     206     205     203     202
     205     204     209     207     201     200
     208     207     211     210     214     212
     217     213     212     216     215     219
     221     220     219     218     372     371
     226     223     222     248     251     227
     405     230     229     226     225     408
     228     234     231     224     223     229
     278     276     237     236     234     233
     236     235     240     238     232     231
     239     238     242     241     245     243
     248     244     243     247     246     250
     252     251     250     249     401     400
     257     254     253     279     282     258
     434     261     260     257     256     437
     259     265     262     255     254     260
     307     305     268     267     265     264
     267     266     271     269     263     262
     270     269     273     272     276     274
     279     275     274     278     277     281
     283     282     281     280     430     429
     288     285     284     308     311     289
     316     292     291     288     287     319
     290     295     293     286     285     291
     297     296     300     298     294     293
     299     298     302     301     305     303
     308     304     303     307     306     310
     312     311     310     309     457     456
     341     343     317     316     314     313
     315     314     319     318     323     320
     325     323     322     454     452     326
     327     321     320     325     324     330
     333     332     330     329     474     472
     331     337     334     328     327     332
     355     353     340     339     337     336
     339     338     342     341     335     334
     370     372     348     347     345     344
     346     345     350     349     353     351
     356     352     351     355     354     359
     362     361     359     358     469     467
     360     366     363     357     356     361
     384     382     369     368     366     365
     368     367     371     370     364     363
     399     401     377     376     374     373
     375     374     379     378     382     380
     385     381     380     384     383     388
     391     390     388     387     464     461
     389     395     392     386     385     390
     413     411     398     397     395     394
     397     396     400     399     393     392
     428     430     406     405     403     402
     404     403     408     407     411     409
     414     410     409     413     412     417
     481     420     419     417     416     482
     418     424     421     415     414     419
     442     440     427     426     424     423
     426     425     429     428     422     421
     455     457     435     434     432     431
     433     432     437     436     440     438
     443     439     438     442     441     446
     449     448     446     445     479     477
     447     452     450     444     443     448
     454     453     456     455     451     450
     480     482     462     461     459     458
     459     464     463     467     465     460
     465     469     468     472     470     466
     470     474     473     477     475     471
     475     479     478     481     480     476
     124     125      21     147     153      33
     130      35     125     123      33     127
     132     133      21     123     124      35
     178      34     127     128       1     177
      34     130     124      33     128     126
     126     127      33     156     157       1
     134     135      35     130     131       2
     129      35     124     127      34     131
       2     129     130      34     176     171
     137      37     133     125      35     135
     139     140      21     125     132      37
     211      36     135     129       2     210
      36     137     132      35     129     134
     141     142      37     137     138       3
     136      37     132     135      36     138
       3     136     137      36     209     204
     144      39     140     133      37     142
     146     147      21     133     139      39
     242      38     142     136       3     241
      38     144     139      37     136     141
     148     149      39     144     145       4
     143      39     139     142      38     145
       4     143     144      38     240     235
     151      41     147     140      39     149
     153     123      21     140     146      41
     273      40     149     143       4     272
      40     151     146      39     143     148
     154     155      41     151     152       5
     150      41     146     149      40     152
       5     150     151      40     271     266
      33     123     147      41     155     156
     302      42     155     150       5     301
      42     156     153      41     150     154
     128      33     153     155      42     157
       1     128     156      42     300     296
     159     160      22     180     186      43
     165      45     160     158      43     162
      45     167     168      22     158     159
     350      44     162     163      11     349
      44     165     159      43     163     161
     161     162      43     189     190      11
       7     169     170      45     165     166
     166     164      45     159     162      44
     348       7     164     165      44     347
     170     172      47     168     160      45
     167      47     174     175      22     160
     215     216      46     170     164       7
     169      46     172     167      45     164
     173       2     131     176      47     172
      46     173     171      47     167     170
     214     210       2     171     172      46
      47     176     178      48     175     168
      22     168     174      48     179     180
     171     131      34     178     174      47
      48     178     126       1     181     182
     174     176      34     126     177      48
     180     175      48     182     184      50
     158      22     175     179      50     186
     182     177       1     296     297      49
     179      48     177     181      49     184
     188      50     184     185       6     187
      50     179     182      49     185     183
     183     184      49     295     290       6
      43     158     180      50     188     189
      51     188     183       6     317     343
     189     186      50     183     187      51
     163      43     186     188      51     190
      11     163     189      51     342     338
     192     193      23     213     217      52
     198      54     193     191      52     195
      54     200     201      23     191     192
     379      53     195     196      12     378
      53     198     192      52     196     194
     194     195      52     220     221      12
       8     202     203      54     198     199
     199     197      54     192     195      53
     377       8     197     198      53     376
     203     205      56     201     193      54
     200      56     207     208      23     193
     246     247      55     203     197       8
     202      55     205     200      54     197
     206       3     138     209      56     205
      55     206     204      56     200     203
     245     241       3     204     205      55
      56     209     211      57     208     201
      23     201     207      57     212     213
     204     138      36     211     207      56
      57     211     134       2     173     214
     207     209      36     134     210      57
     213     208      57     214     216      58
     191      23     208     212      58     217
     212      57     210     173      46     216
     219      58     216     169       7     218
      58     212     214      46     169     215
      52     191     213      58     219     220
      59     219     215       7     348     372
     220     217      58     215     218      59
     196      52     217     219      59     221
      12     196     220      59     371     367
     223     224      24     244     248      60
     229      62     224     222      60     226
      62     231     232      24     222     223
     408      61     226     227      13     407
      61     229     223      60     227     225
     225     226      60     251     252      13
       9     233     234      62     229     230
     230     228      62     223     226      61
     406       9     228     229      61     405
     234     236      64     232     224      62
     231      64     238     239      24     224
     277     278      63     234     228       9
     233      63     236     231      62     228
     237       4     145     240      64     236
      63     237     235      64     231     234
     276     272       4     235     236      63
     232      64     240     242      65     239
      24     232     238      65     243     244
     235     145      38     242     238      64
      65     242     141       3     206     245
     238     240      38     141     241      65
     244     239      65     245     247      66
     222      24     239     243      66     248
     243      65     241     206      55     247
     250      66     247     202       8     249
      66     243     245      55     202     246
      60     222     244      66     250     251
      67     250     246       8     377     401
     251     248      66     246     249      67
     227      60     248     250      67     252
      13     227     251      67     400     396
     254     255      25     275     279      68
     260      70     255     253      68     257
      70     262     263      25     253     254
     437      69     257     258      14     436
      69     260     254      68     258     256
     256     257      68     282     283      14
      10     264     265      70     260     261
     261     259      70     254     257      69
     435      10     259     260      69     434
     265     267      72     263     255      70
     262      72     269     270      25     255
     306     307      71     265     259      10
     264      71     267     262      70     259
     268       5     152     271      72     267
      71     268     266      72     262     265
     305     301       5     266     267      71
     263      72     271     273      73     270
      25     263     269      73     274     275
     266     152      40     273     269      72
      73     273     148       4     237     276
     269     271      40     148     272      73
     275     270      73     276     278      74
     253      25     270     274      74     279
     274      73     272     237      63     278
     281      74     278     233       9     280
      74     274     276      63     233     277
      68     253     275      74     281     282
      75     281     277       9     406     430
     282     279      74     277     280      75
     258      68     279     281      75     283
      14     258     282      75     429     425
     285     286      26     304     308      76
     291      78     286     284      76     288
      78     293     294      26     284     285
     319      77     288     289      15     318
      77     291     285      76     289     287
     287     288      76     311     312      15
       6     185     295      78     291     292
     292     290      78     285     288      77
     317       6     290     291      77     316
     295     297      79     294     286      78
     293      79     298     299      26     286
     185      49     297     293      78     290
     181       1     157     300      79     297
      49     181     296      79     293     295
     294      79     300     302      80     299
      26     294     298      80     303     304
     296     157      42     302     298      79
      80     302     154       5     268     305
     298     300      42     154     301      80
     304     299      80     305     307      81
     284      26     299     303      81     308
     303      80     301     268      71     307
     310      81     307     264      10     309
      81     303     305      71     264     306
      76     284     304      81     310     311
      82     310     306      10     435     457
     311     308      81     306     309      82
     289      76     308     310      82     312
      15     289     311      82     456     453
     335     341      83     314     315      27
     313      83     316     319      84     315
      27     313     314      84     320     321
      83     317     292      77     319     314
     343     187       6     292     316      83
      84     319     287      15     322     323
     314     316      77     287     318      84
     321     315      84     323     325      86
     328      27     315     320      86     327
     323     318      15     453     454      85
     320      84     318     322      85     325
     330      86     325     326      20     329
      86     320     323      85     326     324
     324     325      85     452     447      20
     332      88     328     321      86     330
      88     334     335      27     321     327
      87     330     324      20     473     474
     332     327      86     324     329      87
      16     336     337      88     332     333
     333     331      88     327     330      87
     468      16     331     332      87     472
     337     339      90     335     328      88
     334      90     341     313      27     328
     354     355      89     337     331      16
     336      89     339     334      88     331
     340      11     190     342      90     339
      89     340     338      90     334     337
     353     349      11     338     339      89
      90     342     343      83     313     335
     338     190      51     343     341      90
     342      51     187     317      83     341
     364     370      91     345     346      28
     344      91     347     350      92     346
      28     344     345      92     351     352
      91     348     166      44     350     345
     372     218       7     166     347      91
      92     350     161      11     340     353
     345     347      44     161     349      92
     352     346      92     353     355      93
     357      28     346     351      93     356
     351      92     349     340      89     355
     359      93     355     336      16     358
      93     351     353      89     336     354
      95     357     352      93     359     361
      95     363     364      28     352     356
      94     359     354      16     468     469
     361     356      93     354     358      94
      17     365     366      95     361     362
     362     360      95     356     359      94
     463      17     360     361      94     467
     366     368      97     364     357      95
     363      97     370     344      28     357
     383     384      96     366     360      17
     365      96     368     363      95     360
     369      12     221     371      97     368
      96     369     367      97     363     366
     382     378      12     367     368      96
      97     371     372      91     344     364
     367     221      59     372     370      97
     371      59     218     348      91     370
     393     399      98     374     375      29
     373      98     376     379      99     375
      29     373     374      99     380     381
      98     377     199      53     379     374
     401     249       8     199     376      98
      99     379     194      12     369     382
     374     376      53     194     378      99
     381     375      99     382     384     100
     386      29     375     380     100     385
     380      99     378     369      96     384
     388     100     384     365      17     387
     100     380     382      96     365     383
     390     102     386     381     100     388
     102     392     393      29     381     385
     101     388     383      17     463     464
     390     385     100     383     387     101
      18     394     395     102     390     391
     391     389     102     385     388     101
     462      18     389     390     101     461
     395     397     104     393     386     102
     392     104     399     373      29     386
     412     413     103     395     389      18
     394     103     397     392     102     389
     398      13     252     400     104     397
     103     398     396     104     392     395
     411     407      13     396     397     103
     104     400     401      98     373     393
     396     252      67     401     399     104
     400      67     249     377      98     399
     422     428     105     403     404      30
     402     105     405     408     106     404
      30     402     403     106     409     410
     105     406     230      61     408     403
     430     280       9     230     405     105
     106     408     225      13     398     411
     403     405      61     225     407     106
     410     404     106     411     413     107
     415      30     404     409     107     414
     409     106     407     398     103     413
     417     107     413     394      18     416
     107     409     411     103     394     412
     419     109     415     410     107     417
     109     421     422      30     410     414
     108     417     412      18     462     482
     419     414     107     412     416     108
      19     423     424     109     419     420
     420     418     109     414     417     108
     478      19     418     419     108     481
     424     426     111     422     415     109
     421     111     428     402      30     415
     441     442     110     424     418      19
     423     110     426     421     109     418
     427      14     283     429     111     426
     110     427     425     111     421     424
     440     436      14     425     426     110
     111     429     430     105     402     422
     425     283      75     430     428     111
     429      75     280     406     105     428
     451     455     112     432     433      31
     431     112     434     437     113     433
      31     431     432     113     438     439
     112     435     261      69     437     432
     457     309      10     261     434     112
     113     437     256      14     427     440
     432     434      69     256     436     113
     439     433     113     440     442     114
     444      31     433     438     114     443
     438     113     436     427     110     442
     446     114     442     423      19     445
     114     438     440     110     423     441
     116     444     439     114     446     448
     116     450     451      31     439     443
     115     446     441      19     478     479
     448     443     114     441     445     115
      20     326     452     116     448     449
     449     447     116     443     446     115
     473      20     447     448     115     477
     452     454     117     451     444     116
     450     117     455     431      31     444
     326      85     454     450     116     447
     322      15     312     456     117     454
      85     322     453     117     450     452
     117     456     457     112     431     451
     453     312      82     457     455     117
     456      82     309     435     112     455
     476     480     118     459     460      32
     118     461     464     119     460     458
     458     459     119     465     466      32
     118     462     391     101     464     459
     482     416      18     391     461     118
     464     387      17     362     467     119
     461     101     387     463     119     459
     460     119     467     469     120     466
     460     465     120     470     471      32
     119     463     362      94     469     465
     469     358      16     333     472     120
     467      94     358     468     120     465
     120     472     474     121     471     466
     466     470     121     475     476      32
     120     468     333      87     474     470
     474     329      20     449     477     121
     472      87     329     473     121     470
     121     477     479     122     476     471
     471     475     122     480     458      32
     121     473     449     115     479     475
     479     445      19     420     481     122
     477     115     445     478     122     475
     476     122     481     482     118     458
     122     478     420     108     482     480
     481     108     416     462     118     480
