     133     121       5      73     437     425
     213     201      21       9     117     105
     293     281      37      25     197     185
     373     361      53      41     277     265
     453     441      69      57     357     345
     553     149     137     421     409     485
     633     229     217     101      89     565
     713     309     297     181     169     645
     793     389     377     261     249     725
     873     469     457     341     329     805
     581     569      85     153     549     537
     661     649     165     233     629     617
     741     729     245     313     709     697
     821     809     325     393     789     777
     501     489     405     473     869     857
     905     597     585     533     521     917
     889     677     665     613     601     901
     953     757     745     693     681     885
     937     837     825     773     761     949
     921     517     505     853     841     933
      17      33      49      65       1      17
      81      97     113     129     145      81
     161     177     193     209     225     161
     241     257     273     289     305     241
     321     337     353     369     385     321
     401     417     433     449     465     401
     513     529     545     481     497     513
     609     625     561     577     593     609
     673     689     705     641     657     673
     769     785     721     737     753     769
     849     865     801     817     833     849
     881     897     913     929     945     881
       7      15       2      67      78      74
     125     118      11      13       6     123
      23      31      18       3      14      10
     198      27      29      22     203     205
      39      47      34      19      30      26
     278      43      45      38     283     285
      55      63      50      35      46      42
     358      59      61      54     363     365
      71      79      66      51      62      58
     445     438      75      77      70     443
      87      95      82     147     158     154
     573     566      91      93      86     571
      90     103     111      98      83      94
     219     221     214     107     109     102
     110     106     119     127     114      99
     130     115     126     122     135     143
     139     141     134     427     429     422
     159     146     131     142     138     151
     550     155     157     150     555     557
     167     175     162     227     238     234
     653     646     171     173     166     651
     170     183     191     178     163     174
     299     301     294     187     189     182
     190     186     199     207     194     179
     210     195     206     202     215     223
     239     226     211     222     218     231
     630     235     237     230     635     637
     247     255     242     307     318     314
     733     726     251     253     246     731
     250     263     271     258     243     254
     379     381     374     267     269     262
     270     266     279     287     274     259
     290     275     286     282     295     303
     319     306     291     302     298     311
     710     315     317     310     715     717
     327     335     322     387     398     394
     813     806     331     333     326     811
     330     343     351     338     323     334
     459     461     454     347     349     342
     350     346     359     367     354     339
     370     355     366     362     375     383
     399     386     371     382     378     391
     790     395     397     390     795     797
     407     415     402     467     478     474
     493     486     411     413     406     491
     410     423     431     418     403     414
     430     426     439     447     434     419
     450     435     446     442     455     463
     479     466     451     462     458     471
     870     475     477     470     875     877
     547     558     554     487     495     482
     498     483     494     490     503     511
     507     509     502     859     861     854
     527     514     499     510     506     519
     918     523     525     518     923     925
     522     535     543     530     515     526
     587     589     582     539     541     534
     542     538     551     559     546     531
     627     638     634     567     575     562
     578     563     574     570     583     591
     607     594     579     590     586     599
     902     603     605     598     907     909
     602     615     623     610     595     606
     667     669     662     619     621     614
     622     618     631     639     626     611
     707     718     714     647     655     642
     658     643     654     650     663     671
     687     674     659     670     666     679
     886     683     685     678     891     893
     682     695     703     690     675     686
     747     749     742     699     701     694
     702     698     711     719     706     691
     787     798     794     727     735     722
     738     723     734     730     743     751
     767     754     739     750     746     759
     957     950     763     765     758     955
     762     775     783     770     755     766
     827     829     822     779     781     774
     782     778     791     799     786     771
     867     878     874     807     815     802
     818     803     814     810     823     831
     847     834     819     830     826     839
     934     843     845     838     939     941
     842     855     863     850     835     846
     862     858     871     879     866     851
     947     958     954     887     895     882
     883     894     890     903     911     898
     899     910     906     919     927     914
     915     926     922     935     943     930
     931     942     938     951     959     946
       2       4       1      65      68      67
      16      14       3       4       2      15
      18      20      17       1       4       3
     124     123       6       8       5     121
       6      13      16      15       7       8
       5       8       7      74      76      73
      21      24      23      10      12       9
      12      10      14      16      13      11
     117       9      12      11     118     120
      32      30      19      20      18      31
      34      36      33      17      20      19
     204     203      22      24      21     201
      22      29      32      31      23      24
      37      40      39      26      28      25
      28      26      30      32      29      27
     197      25      28      27     198     200
      48      46      35      36      34      47
      50      52      49      33      36      35
     284     283      38      40      37     281
      38      45      48      47      39      40
      53      56      55      42      44      41
      44      42      46      48      45      43
     277      41      44      43     278     280
      64      62      51      52      50      63
      66      68      65      49      52      51
     364     363      54      56      53     361
      54      61      64      63      55      56
      69      72      71      58      60      57
      60      58      62      64      61      59
     357      57      60      59     358     360
      78      67      68      66      79      80
     444     443      70      72      69     441
      70      77      80      79      71      72
      76      74      78      80      77      75
     437      73      76      75     438     440
      82      84      81     145     148     147
      96      94      83      84      82      95
      83      98     100      97      81      84
     572     571      86      88      85     569
      86      93      96      95      87      88
      85      88      87     154     156     153
      89     101     104     103      90      92
      91      92      90      94      96      93
     568     565      89      92      91     566
     111     112     110      99     100      98
     100      99     114     116     113      97
     217     220     219     102     104     101
     104     102     109     112     111     103
     108     105     117     120     119     106
     109     107     108     106     110     112
     214     216     213     105     108     107
     114     127     128     126     115     116
     129     113     116     115     130     132
     119     120     118     125     128     127
     135     122     124     121     133     136
     126     128     125     123     124     122
     131     132     130     143     144     142
     148     145     129     132     131     146
     134     136     133     425     428     427
     144     143     135     136     134     141
     152     151     138     140     137     149
     138     142     144     141     139     140
     137     140     139     422     424     421
     158     147     148     146     159     160
     555     150     152     149     553     556
     157     160     159     151     152     150
     156     154     158     160     157     155
     549     153     156     155     550     552
     162     164     161     225     228     227
     176     174     163     164     162     175
     163     178     180     177     161     164
     652     651     166     168     165     649
     166     173     176     175     167     168
     165     168     167     234     236     233
     169     181     184     183     170     172
     171     172     170     174     176     173
     648     645     169     172     171     646
     191     192     190     179     180     178
     180     179     194     196     193     177
     297     300     299     182     184     181
     184     182     189     192     191     183
     188     185     197     200     199     186
     189     187     188     186     190     192
     294     296     293     185     188     187
     194     207     208     206     195     196
     209     193     196     195     210     212
     199     200     198     205     208     207
     215     202     204     201     213     216
     206     208     205     203     204     202
     211     212     210     223     224     222
     228     225     209     212     211     226
     224     223     215     216     214     221
     232     231     218     220     217     229
     218     222     224     221     219     220
     238     227     228     226     239     240
     635     230     232     229     633     636
     237     240     239     231     232     230
     236     234     238     240     237     235
     629     233     236     235     630     632
     242     244     241     305     308     307
     256     254     243     244     242     255
     243     258     260     257     241     244
     732     731     246     248     245     729
     246     253     256     255     247     248
     245     248     247     314     316     313
     249     261     264     263     250     252
     251     252     250     254     256     253
     728     725     249     252     251     726
     271     272     270     259     260     258
     260     259     274     276     273     257
     377     380     379     262     264     261
     264     262     269     272     271     263
     268     265     277     280     279     266
     269     267     268     266     270     272
     374     376     373     265     268     267
     276     274     287     288     286     275
     289     273     276     275     290     292
     279     280     278     285     288     287
     295     282     284     281     293     296
     286     288     285     283     284     282
     291     292     290     303     304     302
     308     305     289     292     291     306
     304     303     295     296     294     301
     312     311     298     300     297     309
     298     302     304     301     299     300
     318     307     308     306     319     320
     715     310     312     309     713     716
     317     320     319     311     312     310
     316     314     318     320     317     315
     709     313     316     315     710     712
     322     324     321     385     388     387
     336     334     323     324     322     335
     323     338     340     337     321     324
     812     811     326     328     325     809
     326     333     336     335     327     328
     325     328     327     394     396     393
     329     341     344     343     330     332
     331     332     330     334     336     333
     808     805     329     332     331     806
     351     352     350     339     340     338
     340     339     354     356     353     337
     457     460     459     342     344     341
     344     342     349     352     351     343
     348     345     357     360     359     346
     349     347     348     346     350     352
     454     456     453     345     348     347
     356     354     367     368     366     355
     369     353     356     355     370     372
     359     360     358     365     368     367
     375     362     364     361     373     376
     366     368     365     363     364     362
     371     372     370     383     384     382
     388     385     369     372     371     386
     384     383     375     376     374     381
     392     391     378     380     377     389
     378     382     384     381     379     380
     398     387     388     386     399     400
     795     390     392     389     793     796
     397     400     399     391     392     390
     396     394     398     400     397     395
     789     393     396     395     790     792
     402     404     401     465     468     467
     416     414     403     404     402     415
     403     418     420     417     401     404
     492     491     406     408     405     489
     406     413     416     415     407     408
     405     408     407     474     476     473
     409     421     424     423     410     412
     411     412     410     414     416     413
     488     485     409     412     411     486
     431     432     430     419     420     418
     420     419     434     436     433     417
     424     422     429     432     431     423
     428     425     437     440     439     426
     429     427     428     426     430     432
     436     434     447     448     446     435
     449     433     436     435     450     452
     439     440     438     445     448     447
     455     442     444     441     453     456
     446     448     445     443     444     442
     451     452     450     463     464     462
     468     465     449     452     451     466
     464     463     455     456     454     461
     472     471     458     460     457     469
     458     462     464     461     459     460
     478     467     468     466     479     480
     875     470     472     469     873     876
     477     480     479     471     472     470
     476     474     478     480     477     475
     869     473     476     475     870     872
     545     548     547     482     484     481
     484     482     495     496     494     483
     497     481     484     483     498     500
     495     487     488     486     493     496
     554     556     553     485     488     487
     503     490     492     489     501     504
     494     496     493     491     492     490
     499     500     498     511     512     510
     516     513     497     500     499     514
     502     504     501     857     860     859
     512     511     503     504     502     509
     520     519     506     508     505     517
     506     510     512     509     507     508
     505     508     507     854     856     853
     528     526     515     516     514     527
     515     530     532     529     513     516
     923     518     520     517     921     924
     525     528     527     519     520     518
     521     533     536     535     522     524
     523     524     522     526     528     525
     920     917     521     524     523     918
     543     544     542     531     532     530
     532     531     546     548     545     529
     585     588     587     534     536     533
     536     534     541     544     543     535
     540     537     549     552     551     538
     541     539     540     538     542     544
     582     584     581     537     540     539
     546     559     560     558     547     548
     551     552     550     557     560     559
     560     557     555     556     554     558
     625     628     627     562     564     561
     564     562     575     576     574     563
     577     561     564     563     578     580
     575     567     568     566     573     576
     634     636     633     565     568     567
     583     570     572     569     581     584
     574     576     573     571     572     570
     579     580     578     591     592     590
     596     593     577     580     579     594
     592     591     583     584     582     589
     600     599     586     588     585     597
     586     590     592     589     587     588
     606     595     596     594     607     608
     595     610     612     609     593     596
     907     598     600     597     905     908
     605     608     607     599     600     598
     601     613     616     615     602     604
     603     604     602     606     608     605
     904     901     601     604     603     902
     623     624     622     611     612     610
     612     611     626     628     625     609
     665     668     667     614     616     613
     616     614     621     624     623     615
     620     617     629     632     631     618
     621     619     620     618     622     624
     662     664     661     617     620     619
     626     639     640     638     627     628
     631     632     630     637     640     639
     640     637     635     636     634     638
     705     708     707     642     644     641
     644     642     655     656     654     643
     657     641     644     643     658     660
     655     647     648     646     653     656
     714     716     713     645     648     647
     663     650     652     649     661     664
     654     656     653     651     652     650
     659     660     658     671     672     670
     676     673     657     660     659     674
     672     671     663     664     662     669
     680     679     666     668     665     677
     666     670     672     669     667     668
     688     686     675     676     674     687
     675     690     692     689     673     676
     891     678     680     677     889     892
     685     688     687     679     680     678
     681     693     696     695     682     684
     683     684     682     686     688     685
     888     885     681     684     683     886
     703     704     702     691     692     690
     692     691     706     708     705     689
     745     748     747     694     696     693
     696     694     701     704     703     695
     700     697     709     712     711     698
     701     699     700     698     702     704
     742     744     741     697     700     699
     706     719     720     718     707     708
     711     712     710     717     720     719
     720     717     715     716     714     718
     785     788     787     722     724     721
     724     722     735     736     734     723
     737     721     724     723     738     740
     735     727     728     726     733     736
     794     796     793     725     728     727
     743     730     732     729     741     744
     734     736     733     731     732     730
     739     740     738     751     752     750
     756     753     737     740     739     754
     752     751     743     744     742     749
     760     759     746     748     745     757
     746     750     752     749     747     748
     768     766     755     756     754     767
     755     770     772     769     753     756
     955     758     760     757     953     956
     765     768     767     759     760     758
     761     773     776     775     762     764
     763     764     762     766     768     765
     952     949     761     764     763     950
     783     784     782     771     772     770
     772     771     786     788     785     769
     825     828     827     774     776     773
     776     774     781     784     783     775
     780     777     789     792     791     778
     781     779     780     778     782     784
     822     824     821     777     780     779
     786     799     800     798     787     788
     791     792     790     797     800     799
     800     797     795     796     794     798
     865     868     867     802     804     801
     804     802     815     816     814     803
     817     801     804     803     818     820
     815     807     808     806     813     816
     874     876     873     805     808     807
     823     810     812     809     821     824
     814     816     813     811     812     810
     819     820     818     831     832     830
     836     833     817     820     819     834
     832     831     823     824     822     829
     840     839     826     828     825     837
     826     830     832     829     827     828
     846     835     836     834     847     848
     835     850     852     849     833     836
     939     838     840     837     937     940
     845     848     847     839     840     838
     841     853     856     855     842     844
     843     844     842     846     848     845
     936     933     841     844     843     934
     863     864     862     851     852     850
     852     851     866     868     865     849
     856     854     861     864     863     855
     860     857     869     872     871     858
     861     859     860     858     862     864
     866     879     880     878     867     868
     871     872     870     877     880     879
     880     877     875     876     874     878
     945     948     947     882     884     881
     882     895     896     894     883     884
     881     884     883     898     900     897
     895     887     888     886     893     896
     954     956     953     885     888     887
     890     892     889     901     904     903
     896     893     891     892     890     894
     900     898     911     912     910     899
     897     900     899     914     916     913
     911     903     904     902     909     912
     906     908     905     917     920     919
     912     909     907     908     906     910
     914     927     928     926     915     916
     913     916     915     930     932     929
     927     919     920     918     925     928
     922     924     921     933     936     935
     928     925     923     924     922     926
     930     943     944     942     931     932
     929     932     931     946     948     945
     943     935     936     934     941     944
     938     940     937     949     952     951
     944     941     939     940     938     942
     948     946     959     960     958     947
     959     951     952     950     957     960
     960     957     955     956     954     958
