     529     481      17     289    1745    1697
     849     801      81      33     465     417
    1169    1121     145      97     785     737
    1489    1441     209     161    1105    1057
    1809    1761     273     225    1425    1377
    2209     593     545    1681    1633    1937
    2529     913     865     401     353    2257
    2849    1233    1185     721     673    2577
    3169    1553    1505    1041     993    2897
    3489    1873    1825    1361    1313    3217
    2321    2273     337     609    2193    2145
    2641    2593     657     929    2513    2465
    2961    2913     977    1249    2833    2785
    3281    3233    1297    1569    3153    3105
    2001    1953    1617    1889    3473    3425
    3617    2385    2337    2129    2081    3665
    3553    2705    2657    2449    2401    3601
    3809    3025    2977    2769    2721    3537
    3745    3345    3297    3089    3041    3793
    3681    2065    2017    3409    3361    3729
      65     129     193     257       1      65
     321     385     449     513     577     321
     641     705     769     833     897     641
     961    1025    1089    1153    1217     961
    1281    1345    1409    1473    1537    1281
    1601    1665    1729    1793    1857    1601
    2049    2113    2177    1921    1985    2049
    2369    2433    2497    2241    2305    2369
    2689    2753    2817    2561    2625    2689
    3009    3073    3137    2881    2945    3009
    3393    3457    3201    3265    3329    3393
    3521    3585    3649    3713    3777    3521
      25      57       5     265     309     293
     497     469      41      49      21     489
      89     121      69       9      53      37
     789     105     113      85     809     817
     153     185     133      73     117     101
    1109     169     177     149    1129    1137
     217     249     197     137     181     165
    1457    1429     233     241     213    1449
     281     313     261     201     245     229
    1777    1749     297     305     277    1769
     345     377     325     585     629     613
    2289    2261     361     369     341    2281
     357     409     441     389     329     373
     873     881     853     425     433     405
     437     421     473     505     453     393
     517     457     501     485     537     569
     553     561     533    1705    1713    1685
     633     581     521     565     549     601
    2197     617     625     597    2217    2225
     665     697     645     905     949     933
    2609    2581     681     689     661    2601
     677     729     761     709     649     693
    1193    1201    1173     745     753     725
     757     741     793     825     773     713
     837     777     821     805     857     889
     953     901     841     885     869     921
    2517     937     945     917    2537    2545
     985    1017     965    1225    1269    1253
    2929    2901    1001    1009     981    2921
     997    1049    1081    1029     969    1013
    1513    1521    1493    1065    1073    1045
    1077    1061    1113    1145    1093    1033
    1157    1097    1141    1125    1177    1209
    1273    1221    1161    1205    1189    1241
    2837    1257    1265    1237    2857    2865
    1305    1337    1285    1545    1589    1573
    3249    3221    1321    1329    1301    3241
    1317    1369    1401    1349    1289    1333
    1833    1841    1813    1385    1393    1365
    1397    1381    1433    1465    1413    1353
    1477    1417    1461    1445    1497    1529
    1593    1541    1481    1525    1509    1561
    3157    1577    1585    1557    3177    3185
    1625    1657    1605    1865    1909    1893
    1969    1941    1641    1649    1621    1961
    1637    1689    1721    1669    1609    1653
    1717    1701    1753    1785    1733    1673
    1797    1737    1781    1765    1817    1849
    1913    1861    1801    1845    1829    1881
    3477    1897    1905    1877    3497    3505
    2185    2229    2213    1945    1977    1925
    1989    1929    1973    1957    2009    2041
    2025    2033    2005    3433    3441    3413
    2105    2053    1993    2037    2021    2073
    3669    2089    2097    2069    3689    3697
    2085    2137    2169    2117    2057    2101
    2345    2353    2325    2153    2161    2133
    2165    2149    2201    2233    2181    2121
    2505    2549    2533    2265    2297    2245
    2309    2249    2293    2277    2329    2361
    2425    2373    2313    2357    2341    2393
    3605    2409    2417    2389    3625    3633
    2405    2457    2489    2437    2377    2421
    2665    2673    2645    2473    2481    2453
    2485    2469    2521    2553    2501    2441
    2825    2869    2853    2585    2617    2565
    2629    2569    2613    2597    2649    2681
    2745    2693    2633    2677    2661    2713
    3541    2729    2737    2709    3561    3569
    2725    2777    2809    2757    2697    2741
    2985    2993    2965    2793    2801    2773
    2805    2789    2841    2873    2821    2761
    3145    3189    3173    2905    2937    2885
    2949    2889    2933    2917    2969    3001
    3065    3013    2953    2997    2981    3033
    3797    3049    3057    3029    3817    3825
    3045    3097    3129    3077    3017    3061
    3305    3313    3285    3113    3121    3093
    3125    3109    3161    3193    3141    3081
    3465    3509    3493    3225    3257    3205
    3269    3209    3253    3237    3289    3321
    3385    3333    3273    3317    3301    3353
    3761    3733    3369    3377    3349    3753
    3365    3417    3449    3397    3337    3381
    3445    3429    3481    3513    3461    3401
    3785    3829    3813    3545    3577    3525
    3529    3573    3557    3609    3641    3589
    3593    3637    3621    3673    3705    3653
    3657    3701    3685    3737    3769    3717
    3721    3765    3749    3801    3833    3781
       7      15       2     259     270     266
      61      54      11      13       6      59
      71      79      66       3      14      10
     494     490      23      31      18     483
      22      51      62      58      27      29
      19      30      26     295     303     290
      83      94      90      39      47      34
      45      38      55      63      50      43
     466      35      46      42     471     479
     125     118      75      77      70     123
     135     143     130      67      78      74
     814     810      87      95      82     803
      86     115     126     122      91      93
     147     158     154     103     111      98
     109     102     119     127     114     107
     786      99     110     106     791     799
     189     182     139     141     134     187
     199     207     194     131     142     138
    1134    1130     151     159     146    1123
     150     179     190     186     155     157
     211     222     218     167     175     162
     173     166     183     191     178     171
    1106     163     174     170    1111    1119
     246     203     205     198     251     253
     263     271     258     195     206     202
    1454    1450     215     223     210    1443
     214     243     254     250     219     221
     275     286     282     231     239     226
     237     230     247     255     242     235
    1426     227     238     234    1431    1439
     317     310     267     269     262     315
    1774    1770     279     287     274    1763
     278     307     318     314     283     285
     301     294     311     319     306     299
    1746     291     302     298    1751    1759
     327     335     322     579     590     586
     381     374     331     333     326     379
     330     391     399     386     323     334
    2286    2282     343     351     338    2275
     342     371     382     378     347     349
     339     350     346     615     623     610
     354     403     414     410     359     367
     363     365     358     375     383     370
    2271    2258     355     366     362    2263
     443     445     438     395     397     390
     398     394     455     463     450     387
     867     878     874     407     415     402
     413     406     435     446     442     411
     431     418     467     478     474     423
     434     427     429     422     439     447
     855     863     850     419     430     426
     454     507     509     502     459     461
     514     451     462     458     519     527
     475     477     470     499     510     506
     538     487     495     482     531     542
     503     511     498     491     493     486
     523     525     518     571     573     566
     591     578     515     526     522     583
     535     543     530    1699    1710    1706
     574     570     539     541     534     563
     606     602     551     559     546     595
     550     567     575     562     555     557
     547     558     554    1687    1695    1682
     630     587     589     582     635     637
    2218     599     607     594    2211    2222
     627     638     634     603     605     598
     621     614     631     639     626     619
    2194     611     622     618    2199    2207
     647     655     642     899     910     906
     701     694     651     653     646     699
     650     711     719     706     643     654
    2606    2602     663     671     658    2595
     662     691     702     698     667     669
     659     670     666     935     943     930
     674     723     734     730     679     687
     683     685     678     695     703     690
    2591    2578     675     686     682    2583
     763     765     758     715     717     710
     718     714     775     783     770     707
    1187    1198    1194     727     735     722
     733     726     755     766     762     731
     751     738     787     798     794     743
     754     747     749     742     759     767
    1175    1183    1170     739     750     746
     781     774     827     829     822     779
     834     771     782     778     839     847
     795     797     790     819     830     826
     858     807     815     802     851     862
     823     831     818     811     813     806
     843     845     838     891     893     886
     911     898     835     846     842     903
     894     890     859     861     854     883
     926     922     871     879     866     915
     870     887     895     882     875     877
     950     907     909     902     955     957
    2538     919     927     914    2531    2542
     947     958     954     923     925     918
     941     934     951     959     946     939
    2514     931     942     938    2519    2527
     967     975     962    1219    1230    1226
    1021    1014     971     973     966    1019
     970    1031    1039    1026     963     974
    2926    2922     983     991     978    2915
     982    1011    1022    1018     987     989
     979     990     986    1255    1263    1250
     994    1043    1054    1050     999    1007
    1003    1005     998    1015    1023    1010
    2911    2898     995    1006    1002    2903
    1083    1085    1078    1035    1037    1030
    1038    1034    1095    1103    1090    1027
    1507    1518    1514    1047    1055    1042
    1053    1046    1075    1086    1082    1051
    1071    1058    1107    1118    1114    1063
    1074    1067    1069    1062    1079    1087
    1495    1503    1490    1059    1070    1066
    1101    1094    1147    1149    1142    1099
    1154    1091    1102    1098    1159    1167
    1115    1117    1110    1139    1150    1146
    1178    1127    1135    1122    1171    1182
    1143    1151    1138    1131    1133    1126
    1163    1165    1158    1211    1213    1206
    1231    1218    1155    1166    1162    1223
    1214    1210    1179    1181    1174    1203
    1246    1242    1191    1199    1186    1235
    1190    1207    1215    1202    1195    1197
    1270    1227    1229    1222    1275    1277
    2858    1239    1247    1234    2851    2862
    1267    1278    1274    1243    1245    1238
    1261    1254    1271    1279    1266    1259
    2834    1251    1262    1258    2839    2847
    1287    1295    1282    1539    1550    1546
    1341    1334    1291    1293    1286    1339
    1290    1351    1359    1346    1283    1294
    3246    3242    1303    1311    1298    3235
    1302    1331    1342    1338    1307    1309
    1299    1310    1306    1575    1583    1570
    1314    1363    1374    1370    1319    1327
    1323    1325    1318    1335    1343    1330
    3231    3218    1315    1326    1322    3223
    1403    1405    1398    1355    1357    1350
    1358    1354    1415    1423    1410    1347
    1827    1838    1834    1367    1375    1362
    1373    1366    1395    1406    1402    1371
    1391    1378    1427    1438    1434    1383
    1394    1387    1389    1382    1399    1407
    1815    1823    1810    1379    1390    1386
    1421    1414    1467    1469    1462    1419
    1474    1411    1422    1418    1479    1487
    1435    1437    1430    1459    1470    1466
    1498    1447    1455    1442    1491    1502
    1463    1471    1458    1451    1453    1446
    1483    1485    1478    1531    1533    1526
    1551    1538    1475    1486    1482    1543
    1534    1530    1499    1501    1494    1523
    1566    1562    1511    1519    1506    1555
    1510    1527    1535    1522    1515    1517
    1590    1547    1549    1542    1595    1597
    3178    1559    1567    1554    3171    3182
    1587    1598    1594    1563    1565    1558
    1581    1574    1591    1599    1586    1579
    3154    1571    1582    1578    3159    3167
    1607    1615    1602    1859    1870    1866
    1661    1654    1611    1613    1606    1659
    1610    1671    1679    1666    1603    1614
    1966    1962    1623    1631    1618    1955
    1622    1651    1662    1658    1627    1629
    1619    1630    1626    1895    1903    1890
    1634    1683    1694    1690    1639    1647
    1643    1645    1638    1655    1663    1650
    1951    1938    1635    1646    1642    1943
    1723    1725    1718    1675    1677    1670
    1678    1674    1735    1743    1730    1667
    1693    1686    1715    1726    1722    1691
    1711    1698    1747    1758    1754    1703
    1714    1707    1709    1702    1719    1727
    1741    1734    1787    1789    1782    1739
    1794    1731    1742    1738    1799    1807
    1755    1757    1750    1779    1790    1786
    1818    1767    1775    1762    1811    1822
    1783    1791    1778    1771    1773    1766
    1803    1805    1798    1851    1853    1846
    1871    1858    1795    1806    1802    1863
    1854    1850    1819    1821    1814    1843
    1886    1882    1831    1839    1826    1875
    1830    1847    1855    1842    1835    1837
    1910    1867    1869    1862    1915    1917
    3498    1879    1887    1874    3491    3502
    1907    1918    1914    1883    1885    1878
    1901    1894    1911    1919    1906    1899
    3474    1891    1902    1898    3479    3487
    2179    2190    2186    1927    1935    1922
    1933    1926    1979    1981    1974    1931
    1986    1923    1934    1930    1991    1999
    1978    1947    1949    1942    1971    1982
    2215    2223    2210    1939    1950    1946
    2010    1959    1967    1954    2003    2014
    1975    1983    1970    1963    1965    1958
    1995    1997    1990    2043    2045    2038
    2063    2050    1987    1998    1994    2055
    2007    2015    2002    3427    3438    3434
    2046    2042    2011    2013    2006    2035
    2078    2074    2023    2031    2018    2067
    2022    2039    2047    2034    2027    2029
    2019    2030    2026    3415    3423    3410
    2102    2059    2061    2054    2107    2109
    2058    2119    2127    2114    2051    2062
    3690    2071    2079    2066    3683    3694
    2099    2110    2106    2075    2077    2070
    2082    2131    2142    2138    2087    2095
    2091    2093    2086    2103    2111    2098
    3679    3666    2083    2094    2090    3671
    2171    2173    2166    2123    2125    2118
    2126    2122    2183    2191    2178    2115
    2339    2350    2346    2135    2143    2130
    2141    2134    2163    2174    2170    2139
    2159    2146    2195    2206    2202    2151
    2162    2155    2157    2150    2167    2175
    2327    2335    2322    2147    2158    2154
    2182    2235    2237    2230    2187    2189
    2203    2205    2198    2227    2238    2234
    2239    2226    2219    2221    2214    2231
    2499    2510    2506    2247    2255    2242
    2253    2246    2299    2301    2294    2251
    2306    2243    2254    2250    2311    2319
    2298    2267    2269    2262    2291    2302
    2535    2543    2530    2259    2270    2266
    2330    2279    2287    2274    2323    2334
    2295    2303    2290    2283    2285    2278
    2315    2317    2310    2363    2365    2358
    2383    2370    2307    2318    2314    2375
    2366    2362    2331    2333    2326    2355
    2398    2394    2343    2351    2338    2387
    2342    2359    2367    2354    2347    2349
    2422    2379    2381    2374    2427    2429
    2378    2439    2447    2434    2371    2382
    3626    2391    2399    2386    3619    3630
    2419    2430    2426    2395    2397    2390
    2402    2451    2462    2458    2407    2415
    2411    2413    2406    2423    2431    2418
    3615    3602    2403    2414    2410    3607
    2491    2493    2486    2443    2445    2438
    2446    2442    2503    2511    2498    2435
    2659    2670    2666    2455    2463    2450
    2461    2454    2483    2494    2490    2459
    2479    2466    2515    2526    2522    2471
    2482    2475    2477    2470    2487    2495
    2647    2655    2642    2467    2478    2474
    2502    2555    2557    2550    2507    2509
    2523    2525    2518    2547    2558    2554
    2559    2546    2539    2541    2534    2551
    2819    2830    2826    2567    2575    2562
    2573    2566    2619    2621    2614    2571
    2626    2563    2574    2570    2631    2639
    2618    2587    2589    2582    2611    2622
    2855    2863    2850    2579    2590    2586
    2650    2599    2607    2594    2643    2654
    2615    2623    2610    2603    2605    2598
    2635    2637    2630    2683    2685    2678
    2703    2690    2627    2638    2634    2695
    2686    2682    2651    2653    2646    2675
    2718    2714    2663    2671    2658    2707
    2662    2679    2687    2674    2667    2669
    2749    2742    2699    2701    2694    2747
    2698    2759    2767    2754    2691    2702
    3562    2711    2719    2706    3555    3566
    2739    2750    2746    2715    2717    2710
    2722    2771    2782    2778    2727    2735
    2731    2733    2726    2743    2751    2738
    3551    3538    2723    2734    2730    3543
    2811    2813    2806    2763    2765    2758
    2766    2762    2823    2831    2818    2755
    2979    2990    2986    2775    2783    2770
    2781    2774    2803    2814    2810    2779
    2799    2786    2835    2846    2842    2791
    2802    2795    2797    2790    2807    2815
    2967    2975    2962    2787    2798    2794
    2822    2875    2877    2870    2827    2829
    2843    2845    2838    2867    2878    2874
    2879    2866    2859    2861    2854    2871
    3139    3150    3146    2887    2895    2882
    2893    2886    2939    2941    2934    2891
    2946    2883    2894    2890    2951    2959
    2938    2907    2909    2902    2931    2942
    3175    3183    3170    2899    2910    2906
    2970    2919    2927    2914    2963    2974
    2935    2943    2930    2923    2925    2918
    2955    2957    2950    3003    3005    2998
    3023    3010    2947    2958    2954    3015
    3006    3002    2971    2973    2966    2995
    3038    3034    2983    2991    2978    3027
    2982    2999    3007    2994    2987    2989
    3069    3062    3019    3021    3014    3067
    3018    3079    3087    3074    3011    3022
    3818    3031    3039    3026    3811    3822
    3059    3070    3066    3035    3037    3030
    3042    3091    3102    3098    3047    3055
    3051    3053    3046    3063    3071    3058
    3807    3794    3043    3054    3050    3799
    3131    3133    3126    3083    3085    3078
    3086    3082    3143    3151    3138    3075
    3299    3310    3306    3095    3103    3090
    3101    3094    3123    3134    3130    3099
    3119    3106    3155    3166    3162    3111
    3122    3115    3117    3110    3127    3135
    3287    3295    3282    3107    3118    3114
    3142    3195    3197    3190    3147    3149
    3163    3165    3158    3187    3198    3194
    3199    3186    3179    3181    3174    3191
    3459    3470    3466    3207    3215    3202
    3213    3206    3259    3261    3254    3211
    3266    3203    3214    3210    3271    3279
    3258    3227    3229    3222    3251    3262
    3495    3503    3490    3219    3230    3226
    3290    3239    3247    3234    3283    3294
    3255    3263    3250    3243    3245    3238
    3275    3277    3270    3323    3325    3318
    3343    3330    3267    3278    3274    3335
    3326    3322    3291    3293    3286    3315
    3358    3354    3303    3311    3298    3347
    3302    3319    3327    3314    3307    3309
    3389    3382    3339    3341    3334    3387
    3338    3399    3407    3394    3331    3342
    3754    3351    3359    3346    3747    3758
    3379    3390    3386    3355    3357    3350
    3362    3411    3422    3418    3367    3375
    3371    3373    3366    3383    3391    3378
    3743    3730    3363    3374    3370    3735
    3451    3453    3446    3403    3405    3398
    3406    3402    3463    3471    3458    3395
    3421    3414    3443    3454    3450    3419
    3439    3426    3475    3486    3482    3431
    3442    3435    3437    3430    3447    3455
    3462    3515    3517    3510    3467    3469
    3483    3485    3478    3507    3518    3514
    3519    3506    3499    3501    3494    3511
    3779    3790    3786    3527    3535    3522
    3533    3526    3579    3581    3574    3531
    3523    3534    3530    3591    3599    3586
    3578    3547    3549    3542    3571    3582
    3815    3823    3810    3539    3550    3546
    3559    3567    3554    3603    3614    3610
    3583    3570    3563    3565    3558    3575
    3597    3590    3643    3645    3638    3595
    3587    3598    3594    3655    3663    3650
    3642    3611    3613    3606    3635    3646
    3623    3631    3618    3667    3678    3674
    3647    3634    3627    3629    3622    3639
    3654    3707    3709    3702    3659    3661
    3651    3662    3658    3719    3727    3714
    3706    3675    3677    3670    3699    3710
    3687    3695    3682    3731    3742    3738
    3711    3698    3691    3693    3686    3703
    3718    3771    3773    3766    3723    3725
    3715    3726    3722    3783    3791    3778
    3770    3739    3741    3734    3763    3774
    3751    3759    3746    3795    3806    3802
    3775    3762    3755    3757    3750    3767
    3789    3782    3835    3837    3830    3787
    3834    3803    3805    3798    3827    3838
    3839    3826    3819    3821    3814    3831
       2       4       1     257     260     259
      16      14       3       4       2      15
      66      68      65       1       4       3
      60      59       6       8       5      57
       6      13      16      15       7       8
       5       8       7     266     268     265
      69      72      71      10      12       9
      12      10      14      16      13      11
      53       9      12      11      54      56
     484     483      18      20      17     481
      18      31      32      30      19      20
      17      20      19     290     292     289
      21      49      52      51      22      24
      23      24      22      29      32      31
     492     489      21      24      23     490
      26      28      25     293     296     295
      32      29      27      28      26      30
      27      58      60      57      25      28
      81      84      83      34      36      33
      36      34      47      48      46      35
     465      33      36      35     466     468
      40      37      53      56      55      38
      47      39      40      38      45      48
      90      92      89      37      40      39
     471      42      44      41     469     472
      46      48      45      43      44      42
      44      43      50      52      49      41
      52      50      63      64      62      51
      55      56      54      61      64      63
      62      64      61      59      60      58
      78      67      68      66      79      80
     130     132     129      65      68      67
     124     123      70      72      69     121
      70      77      80      79      71      72
     133     136     135      74      76      73
      76      74      78      80      77      75
     117      73      76      75     118     120
     804     803      82      84      81     801
      82      95      96      94      83      84
      85     113     116     115      86      88
      87      88      86      93      96      95
     812     809      85      88      87     810
      96      93      91      92      90      94
      91     122     124     121      89      92
     145     148     147      98     100      97
     100      98     111     112     110      99
     785      97     100      99     786     788
     104     101     117     120     119     102
     111     103     104     102     109     112
     154     156     153     101     104     103
     791     106     108     105     789     792
     110     112     109     107     108     106
     108     107     114     116     113     105
     116     114     127     128     126     115
     119     120     118     125     128     127
     126     128     125     123     124     122
     144     142     131     132     130     143
     194     196     193     129     132     131
     188     187     134     136     133     185
     134     141     144     143     135     136
     197     200     199     138     140     137
     140     138     142     144     141     139
     181     137     140     139     182     184
    1124    1123     146     148     145    1121
     146     159     160     158     147     148
     149     177     180     179     150     152
     151     152     150     157     160     159
    1132    1129     149     152     151    1130
     160     157     155     156     154     158
     155     186     188     185     153     156
     209     212     211     162     164     161
     164     162     175     176     174     163
    1105     161     164     163    1106    1108
     168     165     181     184     183     166
     175     167     168     166     173     176
     218     220     217     165     168     167
    1111     170     172     169    1109    1112
     174     176     173     171     172     170
     172     171     178     180     177     169
     180     178     191     192     190     179
     183     184     182     189     192     191
     190     192     189     187     188     186
     208     206     195     196     194     207
     258     260     257     193     196     195
     252     251     198     200     197     249
     198     205     208     207     199     200
     261     264     263     202     204     201
     204     202     206     208     205     203
     245     201     204     203     246     248
    1444    1443     210     212     209    1441
     210     223     224     222     211     212
     213     241     244     243     214     216
     215     216     214     221     224     223
    1452    1449     213     216     215    1450
     224     221     219     220     218     222
     219     250     252     249     217     220
     273     276     275     226     228     225
     228     226     239     240     238     227
    1425     225     228     227    1426    1428
     232     229     245     248     247     230
     239     231     232     230     237     240
     282     284     281     229     232     231
    1431     234     236     233    1429    1432
     238     240     237     235     236     234
     236     235     242     244     241     233
     242     255     256     254     243     244
     247     248     246     253     256     255
     254     256     253     251     252     250
     270     259     260     258     271     272
     316     315     262     264     261     313
     262     269     272     271     263     264
     268     266     270     272     269     267
     309     265     268     267     310     312
    1764    1763     274     276     273    1761
     274     287     288     286     275     276
     277     305     308     307     278     280
     279     280     278     285     288     287
    1772    1769     277     280     279    1770
     288     285     283     284     282     286
     283     314     316     313     281     284
     292     290     303     304     302     291
    1745     289     292     291    1746    1748
     296     293     309     312     311     294
     303     295     296     294     301     304
    1751     298     300     297    1749    1752
     302     304     301     299     300     298
     300     299     306     308     305     297
     308     306     319     320     318     307
     311     312     310     317     320     319
     318     320     317     315     316     314
     322     324     321     577     580     579
     336     334     323     324     322     335
     323     386     388     385     321     324
     380     379     326     328     325     377
     326     333     336     335     327     328
     325     328     327     586     588     585
     329     389     392     391     330     332
     331     332     330     334     336     333
     376     373     329     332     331     374
    2276    2275     338     340     337    2273
     338     351     352     350     339     340
     337     340     339     610     612     609
     341     369     372     371     342     344
     343     344     342     349     352     351
    2284    2281     341     344     343    2282
     346     348     345     613     616     615
     352     349     347     348     346     350
     347     378     380     377     345     348
     353     401     404     403     354     356
     355     356     354     367     368     366
    2260    2257     353     356     355    2258
     358     360     357     373     376     375
     368     367     359     360     358     365
     359     410     412     409     357     360
    2264    2263     362     364     361    2261
     362     366     368     365     363     364
     361     364     363     370     372     369
     372     370     383     384     382     371
     383     375     376     374     381     384
     382     384     381     379     380     378
     399     400     398     387     388     386
     388     387     450     452     449     385
     441     444     443     390     392     389
     392     390     397     400     399     391
     396     393     453     456     455     394
     397     395     396     394     398     400
     438     440     437     393     396     395
     865     868     867     402     404     401
     404     402     415     416     414     403
     408     405     433     436     435     406
     415     407     408     406     413     416
     874     876     873     405     408     407
     414     416     413     411     412     410
     412     411     442     444     441     409
     420     417     465     468     467     418
     430     419     420     418     431     432
     850     852     849     417     420     419
     439     422     424     421     437     440
     429     432     431     423     424     422
     424     423     474     476     473     421
     853     856     855     426     428     425
     428     426     430     432     429     427
     433     425     428     427     434     436
     435     436     434     447     448     446
     448     447     439     440     438     445
     442     446     448     445     443     444
     450     463     464     462     451     452
     513     449     452     451     514     516
     453     505     508     507     454     456
     455     456     454     461     464     463
     519     458     460     457     517     520
     462     464     461     459     460     458
     460     459     502     504     501     457
     467     468     466     479     480     478
     470     472     469     497     500     499
     480     479     471     472     470     477
     474     478     480     477     475     476
     473     476     475     506     508     505
     531     482     484     481     529     532
     495     496     494     483     484     482
     501     504     503     486     488     485
     488     486     493     496     495     487
     537     485     488     487     538     540
     493     491     492     490     494     496
     498     500     497     489     492     491
     512     510     499     500     498     511
     502     509     512     511     503     504
     508     506     510     512     509     507
     515     516     514     527     528     526
     580     577     513     516     515     578
     518     520     517     569     572     571
     528     527     519     520     518     525
     584     583     522     524     521     581
     522     526     528     525     523     524
     521     524     523     566     568     565
     530     532     529    1697    1700    1699
     544     542     531     532     530     543
     564     563     534     536     533     561
     534     541     544     543     535     536
     533     536     535    1706    1708    1705
     539     540     538     542     544     541
     572     569     537     540     539     570
     596     595     546     548     545     593
     546     559     560     558     547     548
     545     548     547    1682    1684    1681
     549     565     568     567     550     552
     551     552     550     557     560     559
     604     601     549     552     551     602
     554     556     553    1685    1688    1687
     560     557     555     556     554     558
     555     562     564     561     553     556
     575     576     574     563     564     562
     568     566     573     576     575     567
     573     571     572     570     574     576
     590     579     580     578     591     592
     635     582     584     581     633     636
     589     592     591     583     584     582
     588     586     590     592     589     587
     629     585     588     587     630     632
    2211     594     596     593    2209    2212
     607     608     606     595     596     594
     625     628     627     598     600     597
     600     598     605     608     607     599
    2217     597     600     599    2218    2220
     605     603     604     602     606     608
     634     636     633     601     604     603
     612     610     623     624     622     611
    2193     609     612     611    2194    2196
     616     613     629     632     631     614
     623     615     616     614     621     624
    2199     618     620     617    2197    2200
     622     624     621     619     620     618
     620     619     626     628     625     617
     626     639     640     638     627     628
     631     632     630     637     640     639
     640     637     635     636     634     638
     642     644     641     897     900     899
     656     654     643     644     642     655
     643     706     708     705     641     644
     700     699     646     648     645     697
     646     653     656     655     647     648
     645     648     647     906     908     905
     649     709     712     711     650     652
     651     652     650     654     656     653
     696     693     649     652     651     694
    2596    2595     658     660     657    2593
     658     671     672     670     659     660
     657     660     659     930     932     929
     661     689     692     691     662     664
     663     664     662     669     672     671
    2604    2601     661     664     663    2602
     666     668     665     933     936     935
     672     669     667     668     666     670
     667     698     700     697     665     668
     673     721     724     723     674     676
     675     676     674     687     688     686
    2580    2577     673     676     675    2578
     678     680     677     693     696     695
     688     687     679     680     678     685
     679     730     732     729     677     680
    2584    2583     682     684     681    2581
     682     686     688     685     683     684
     681     684     683     690     692     689
     692     690     703     704     702     691
     703     695     696     694     701     704
     702     704     701     699     700     698
     719     720     718     707     708     706
     708     707     770     772     769     705
     761     764     763     710     712     709
     712     710     717     720     719     711
     716     713     773     776     775     714
     717     715     716     714     718     720
     758     760     757     713     716     715
    1185    1188    1187     722     724     721
     724     722     735     736     734     723
     728     725     753     756     755     726
     735     727     728     726     733     736
    1194    1196    1193     725     728     727
     734     736     733     731     732     730
     732     731     762     764     761     729
     740     737     785     788     787     738
     750     739     740     738     751     752
    1170    1172    1169     737     740     739
     759     742     744     741     757     760
     749     752     751     743     744     742
     744     743     794     796     793     741
    1173    1176    1175     746     748     745
     748     746     750     752     749     747
     753     745     748     747     754     756
     755     756     754     767     768     766
     768     767     759     760     758     765
     762     766     768     765     763     764
     772     770     783     784     782     771
     833     769     772     771     834     836
     773     825     828     827     774     776
     775     776     774     781     784     783
     839     778     780     777     837     840
     782     784     781     779     780     778
     780     779     822     824     821     777
     787     788     786     799     800     798
     790     792     789     817     820     819
     800     799     791     792     790     797
     794     798     800     797     795     796
     793     796     795     826     828     825
     851     802     804     801     849     852
     815     816     814     803     804     802
     821     824     823     806     808     805
     808     806     813     816     815     807
     857     805     808     807     858     860
     813     811     812     810     814     816
     818     820     817     809     812     811
     830     819     820     818     831     832
     822     829     832     831     823     824
     828     826     830     832     829     827
     835     836     834     847     848     846
     900     897     833     836     835     898
     838     840     837     889     892     891
     848     847     839     840     838     845
     904     903     842     844     841     901
     842     846     848     845     843     844
     841     844     843     886     888     885
     864     862     851     852     850     863
     884     883     854     856     853     881
     854     861     864     863     855     856
     859     860     858     862     864     861
     892     889     857     860     859     890
     916     915     866     868     865     913
     866     879     880     878     867     868
     869     885     888     887     870     872
     871     872     870     877     880     879
     924     921     869     872     871     922
     880     877     875     876     874     878
     875     882     884     881     873     876
     895     896     894     883     884     882
     888     886     893     896     895     887
     893     891     892     890     894     896
     910     899     900     898     911     912
     955     902     904     901     953     956
     909     912     911     903     904     902
     908     906     910     912     909     907
     949     905     908     907     950     952
    2531     914     916     913    2529    2532
     927     928     926     915     916     914
     945     948     947     918     920     917
     920     918     925     928     927     919
    2537     917     920     919    2538    2540
     925     923     924     922     926     928
     954     956     953     921     924     923
     932     930     943     944     942     931
    2513     929     932     931    2514    2516
     936     933     949     952     951     934
     943     935     936     934     941     944
    2519     938     940     937    2517    2520
     942     944     941     939     940     938
     940     939     946     948     945     937
     946     959     960     958     947     948
     951     952     950     957     960     959
     960     957     955     956     954     958
     962     964     961    1217    1220    1219
     976     974     963     964     962     975
     963    1026    1028    1025     961     964
    1020    1019     966     968     965    1017
     966     973     976     975     967     968
     965     968     967    1226    1228    1225
     969    1029    1032    1031     970     972
     971     972     970     974     976     973
    1016    1013     969     972     971    1014
    2916    2915     978     980     977    2913
     978     991     992     990     979     980
     977     980     979    1250    1252    1249
     981    1009    1012    1011     982     984
     983     984     982     989     992     991
    2924    2921     981     984     983    2922
     986     988     985    1253    1256    1255
     992     989     987     988     986     990
     987    1018    1020    1017     985     988
     993    1041    1044    1043     994     996
     995     996     994    1007    1008    1006
    2900    2897     993     996     995    2898
     998    1000     997    1013    1016    1015
    1008    1007     999    1000     998    1005
     999    1050    1052    1049     997    1000
    2904    2903    1002    1004    1001    2901
    1002    1006    1008    1005    1003    1004
    1001    1004    1003    1010    1012    1009
    1012    1010    1023    1024    1022    1011
    1023    1015    1016    1014    1021    1024
    1022    1024    1021    1019    1020    1018
    1039    1040    1038    1027    1028    1026
    1028    1027    1090    1092    1089    1025
    1081    1084    1083    1030    1032    1029
    1032    1030    1037    1040    1039    1031
    1036    1033    1093    1096    1095    1034
    1037    1035    1036    1034    1038    1040
    1078    1080    1077    1033    1036    1035
    1505    1508    1507    1042    1044    1041
    1044    1042    1055    1056    1054    1043
    1048    1045    1073    1076    1075    1046
    1055    1047    1048    1046    1053    1056
    1514    1516    1513    1045    1048    1047
    1054    1056    1053    1051    1052    1050
    1052    1051    1082    1084    1081    1049
    1060    1057    1105    1108    1107    1058
    1070    1059    1060    1058    1071    1072
    1490    1492    1489    1057    1060    1059
    1079    1062    1064    1061    1077    1080
    1069    1072    1071    1063    1064    1062
    1064    1063    1114    1116    1113    1061
    1493    1496    1495    1066    1068    1065
    1068    1066    1070    1072    1069    1067
    1073    1065    1068    1067    1074    1076
    1075    1076    1074    1087    1088    1086
    1088    1087    1079    1080    1078    1085
    1082    1086    1088    1085    1083    1084
    1092    1090    1103    1104    1102    1091
    1153    1089    1092    1091    1154    1156
    1093    1145    1148    1147    1094    1096
    1095    1096    1094    1101    1104    1103
    1159    1098    1100    1097    1157    1160
    1102    1104    1101    1099    1100    1098
    1100    1099    1142    1144    1141    1097
    1107    1108    1106    1119    1120    1118
    1110    1112    1109    1137    1140    1139
    1120    1119    1111    1112    1110    1117
    1114    1118    1120    1117    1115    1116
    1113    1116    1115    1146    1148    1145
    1171    1122    1124    1121    1169    1172
    1135    1136    1134    1123    1124    1122
    1141    1144    1143    1126    1128    1125
    1128    1126    1133    1136    1135    1127
    1177    1125    1128    1127    1178    1180
    1133    1131    1132    1130    1134    1136
    1138    1140    1137    1129    1132    1131
    1152    1150    1139    1140    1138    1151
    1142    1149    1152    1151    1143    1144
    1148    1146    1150    1152    1149    1147
    1155    1156    1154    1167    1168    1166
    1220    1217    1153    1156    1155    1218
    1158    1160    1157    1209    1212    1211
    1168    1167    1159    1160    1158    1165
    1224    1223    1162    1164    1161    1221
    1162    1166    1168    1165    1163    1164
    1161    1164    1163    1206    1208    1205
    1184    1182    1171    1172    1170    1183
    1204    1203    1174    1176    1173    1201
    1174    1181    1184    1183    1175    1176
    1179    1180    1178    1182    1184    1181
    1212    1209    1177    1180    1179    1210
    1236    1235    1186    1188    1185    1233
    1186    1199    1200    1198    1187    1188
    1189    1205    1208    1207    1190    1192
    1191    1192    1190    1197    1200    1199
    1244    1241    1189    1192    1191    1242
    1200    1197    1195    1196    1194    1198
    1195    1202    1204    1201    1193    1196
    1215    1216    1214    1203    1204    1202
    1208    1206    1213    1216    1215    1207
    1213    1211    1212    1210    1214    1216
    1230    1219    1220    1218    1231    1232
    1275    1222    1224    1221    1273    1276
    1229    1232    1231    1223    1224    1222
    1228    1226    1230    1232    1229    1227
    1269    1225    1228    1227    1270    1272
    2851    1234    1236    1233    2849    2852
    1247    1248    1246    1235    1236    1234
    1265    1268    1267    1238    1240    1237
    1240    1238    1245    1248    1247    1239
    2857    1237    1240    1239    2858    2860
    1245    1243    1244    1242    1246    1248
    1274    1276    1273    1241    1244    1243
    1252    1250    1263    1264    1262    1251
    2833    1249    1252    1251    2834    2836
    1256    1253    1269    1272    1271    1254
    1263    1255    1256    1254    1261    1264
    2839    1258    1260    1257    2837    2840
    1262    1264    1261    1259    1260    1258
    1260    1259    1266    1268    1265    1257
    1266    1279    1280    1278    1267    1268
    1271    1272    1270    1277    1280    1279
    1280    1277    1275    1276    1274    1278
    1282    1284    1281    1537    1540    1539
    1296    1294    1283    1284    1282    1295
    1283    1346    1348    1345    1281    1284
    1340    1339    1286    1288    1285    1337
    1286    1293    1296    1295    1287    1288
    1285    1288    1287    1546    1548    1545
    1289    1349    1352    1351    1290    1292
    1291    1292    1290    1294    1296    1293
    1336    1333    1289    1292    1291    1334
    3236    3235    1298    1300    1297    3233
    1298    1311    1312    1310    1299    1300
    1297    1300    1299    1570    1572    1569
    1301    1329    1332    1331    1302    1304
    1303    1304    1302    1309    1312    1311
    3244    3241    1301    1304    1303    3242
    1306    1308    1305    1573    1576    1575
    1312    1309    1307    1308    1306    1310
    1307    1338    1340    1337    1305    1308
    1313    1361    1364    1363    1314    1316
    1315    1316    1314    1327    1328    1326
    3220    3217    1313    1316    1315    3218
    1318    1320    1317    1333    1336    1335
    1328    1327    1319    1320    1318    1325
    1319    1370    1372    1369    1317    1320
    3224    3223    1322    1324    1321    3221
    1322    1326    1328    1325    1323    1324
    1321    1324    1323    1330    1332    1329
    1332    1330    1343    1344    1342    1331
    1343    1335    1336    1334    1341    1344
    1342    1344    1341    1339    1340    1338
    1359    1360    1358    1347    1348    1346
    1348    1347    1410    1412    1409    1345
    1401    1404    1403    1350    1352    1349
    1352    1350    1357    1360    1359    1351
    1356    1353    1413    1416    1415    1354
    1357    1355    1356    1354    1358    1360
    1398    1400    1397    1353    1356    1355
    1825    1828    1827    1362    1364    1361
    1364    1362    1375    1376    1374    1363
    1368    1365    1393    1396    1395    1366
    1375    1367    1368    1366    1373    1376
    1834    1836    1833    1365    1368    1367
    1374    1376    1373    1371    1372    1370
    1372    1371    1402    1404    1401    1369
    1380    1377    1425    1428    1427    1378
    1390    1379    1380    1378    1391    1392
    1810    1812    1809    1377    1380    1379
    1399    1382    1384    1381    1397    1400
    1389    1392    1391    1383    1384    1382
    1384    1383    1434    1436    1433    1381
    1813    1816    1815    1386    1388    1385
    1388    1386    1390    1392    1389    1387
    1393    1385    1388    1387    1394    1396
    1395    1396    1394    1407    1408    1406
    1408    1407    1399    1400    1398    1405
    1402    1406    1408    1405    1403    1404
    1412    1410    1423    1424    1422    1411
    1473    1409    1412    1411    1474    1476
    1413    1465    1468    1467    1414    1416
    1415    1416    1414    1421    1424    1423
    1479    1418    1420    1417    1477    1480
    1422    1424    1421    1419    1420    1418
    1420    1419    1462    1464    1461    1417
    1427    1428    1426    1439    1440    1438
    1430    1432    1429    1457    1460    1459
    1440    1439    1431    1432    1430    1437
    1434    1438    1440    1437    1435    1436
    1433    1436    1435    1466    1468    1465
    1491    1442    1444    1441    1489    1492
    1455    1456    1454    1443    1444    1442
    1461    1464    1463    1446    1448    1445
    1448    1446    1453    1456    1455    1447
    1497    1445    1448    1447    1498    1500
    1453    1451    1452    1450    1454    1456
    1458    1460    1457    1449    1452    1451
    1470    1459    1460    1458    1471    1472
    1462    1469    1472    1471    1463    1464
    1468    1466    1470    1472    1469    1467
    1475    1476    1474    1487    1488    1486
    1540    1537    1473    1476    1475    1538
    1478    1480    1477    1529    1532    1531
    1488    1487    1479    1480    1478    1485
    1544    1543    1482    1484    1481    1541
    1482    1486    1488    1485    1483    1484
    1481    1484    1483    1526    1528    1525
    1504    1502    1491    1492    1490    1503
    1524    1523    1494    1496    1493    1521
    1494    1501    1504    1503    1495    1496
    1499    1500    1498    1502    1504    1501
    1532    1529    1497    1500    1499    1530
    1556    1555    1506    1508    1505    1553
    1506    1519    1520    1518    1507    1508
    1509    1525    1528    1527    1510    1512
    1511    1512    1510    1517    1520    1519
    1564    1561    1509    1512    1511    1562
    1520    1517    1515    1516    1514    1518
    1515    1522    1524    1521    1513    1516
    1535    1536    1534    1523    1524    1522
    1528    1526    1533    1536    1535    1527
    1533    1531    1532    1530    1534    1536
    1550    1539    1540    1538    1551    1552
    1595    1542    1544    1541    1593    1596
    1549    1552    1551    1543    1544    1542
    1548    1546    1550    1552    1549    1547
    1589    1545    1548    1547    1590    1592
    3171    1554    1556    1553    3169    3172
    1567    1568    1566    1555    1556    1554
    1585    1588    1587    1558    1560    1557
    1560    1558    1565    1568    1567    1559
    3177    1557    1560    1559    3178    3180
    1565    1563    1564    1562    1566    1568
    1594    1596    1593    1561    1564    1563
    1572    1570    1583    1584    1582    1571
    3153    1569    1572    1571    3154    3156
    1576    1573    1589    1592    1591    1574
    1583    1575    1576    1574    1581    1584
    3159    1578    1580    1577    3157    3160
    1582    1584    1581    1579    1580    1578
    1580    1579    1586    1588    1585    1577
    1586    1599    1600    1598    1587    1588
    1591    1592    1590    1597    1600    1599
    1600    1597    1595    1596    1594    1598
    1602    1604    1601    1857    1860    1859
    1616    1614    1603    1604    1602    1615
    1603    1666    1668    1665    1601    1604
    1660    1659    1606    1608    1605    1657
    1606    1613    1616    1615    1607    1608
    1605    1608    1607    1866    1868    1865
    1609    1669    1672    1671    1610    1612
    1611    1612    1610    1614    1616    1613
    1656    1653    1609    1612    1611    1654
    1956    1955    1618    1620    1617    1953
    1618    1631    1632    1630    1619    1620
    1617    1620    1619    1890    1892    1889
    1621    1649    1652    1651    1622    1624
    1623    1624    1622    1629    1632    1631
    1964    1961    1621    1624    1623    1962
    1626    1628    1625    1893    1896    1895
    1632    1629    1627    1628    1626    1630
    1627    1658    1660    1657    1625    1628
    1633    1681    1684    1683    1634    1636
    1635    1636    1634    1647    1648    1646
    1940    1937    1633    1636    1635    1938
    1638    1640    1637    1653    1656    1655
    1648    1647    1639    1640    1638    1645
    1639    1690    1692    1689    1637    1640
    1944    1943    1642    1644    1641    1941
    1642    1646    1648    1645    1643    1644
    1641    1644    1643    1650    1652    1649
    1652    1650    1663    1664    1662    1651
    1663    1655    1656    1654    1661    1664
    1662    1664    1661    1659    1660    1658
    1679    1680    1678    1667    1668    1666
    1668    1667    1730    1732    1729    1665
    1721    1724    1723    1670    1672    1669
    1672    1670    1677    1680    1679    1671
    1676    1673    1733    1736    1735    1674
    1677    1675    1676    1674    1678    1680
    1718    1720    1717    1673    1676    1675
    1684    1682    1695    1696    1694    1683
    1688    1685    1713    1716    1715    1686
    1695    1687    1688    1686    1693    1696
    1694    1696    1693    1691    1692    1690
    1692    1691    1722    1724    1721    1689
    1700    1697    1745    1748    1747    1698
    1710    1699    1700    1698    1711    1712
    1719    1702    1704    1701    1717    1720
    1709    1712    1711    1703    1704    1702
    1704    1703    1754    1756    1753    1701
    1708    1706    1710    1712    1709    1707
    1713    1705    1708    1707    1714    1716
    1715    1716    1714    1727    1728    1726
    1728    1727    1719    1720    1718    1725
    1722    1726    1728    1725    1723    1724
    1730    1743    1744    1742    1731    1732
    1793    1729    1732    1731    1794    1796
    1733    1785    1788    1787    1734    1736
    1735    1736    1734    1741    1744    1743
    1799    1738    1740    1737    1797    1800
    1742    1744    1741    1739    1740    1738
    1740    1739    1782    1784    1781    1737
    1747    1748    1746    1759    1760    1758
    1750    1752    1749    1777    1780    1779
    1760    1759    1751    1752    1750    1757
    1754    1758    1760    1757    1755    1756
    1753    1756    1755    1786    1788    1785
    1811    1762    1764    1761    1809    1812
    1775    1776    1774    1763    1764    1762
    1781    1784    1783    1766    1768    1765
    1768    1766    1773    1776    1775    1767
    1817    1765    1768    1767    1818    1820
    1773    1771    1772    1770    1774    1776
    1778    1780    1777    1769    1772    1771
    1792    1790    1779    1780    1778    1791
    1782    1789    1792    1791    1783    1784
    1788    1786    1790    1792    1789    1787
    1795    1796    1794    1807    1808    1806
    1860    1857    1793    1796    1795    1858
    1798    1800    1797    1849    1852    1851
    1808    1807    1799    1800    1798    1805
    1864    1863    1802    1804    1801    1861
    1802    1806    1808    1805    1803    1804
    1801    1804    1803    1846    1848    1845
    1824    1822    1811    1812    1810    1823
    1844    1843    1814    1816    1813    1841
    1814    1821    1824    1823    1815    1816
    1819    1820    1818    1822    1824    1821
    1852    1849    1817    1820    1819    1850
    1876    1875    1826    1828    1825    1873
    1826    1839    1840    1838    1827    1828
    1829    1845    1848    1847    1830    1832
    1831    1832    1830    1837    1840    1839
    1884    1881    1829    1832    1831    1882
    1840    1837    1835    1836    1834    1838
    1835    1842    1844    1841    1833    1836
    1855    1856    1854    1843    1844    1842
    1848    1846    1853    1856    1855    1847
    1853    1851    1852    1850    1854    1856
    1870    1859    1860    1858    1871    1872
    1915    1862    1864    1861    1913    1916
    1869    1872    1871    1863    1864    1862
    1868    1866    1870    1872    1869    1867
    1909    1865    1868    1867    1910    1912
    3491    1874    1876    1873    3489    3492
    1887    1888    1886    1875    1876    1874
    1905    1908    1907    1878    1880    1877
    1880    1878    1885    1888    1887    1879
    3497    1877    1880    1879    3498    3500
    1885    1883    1884    1882    1886    1888
    1914    1916    1913    1881    1884    1883
    1892    1890    1903    1904    1902    1891
    3473    1889    1892    1891    3474    3476
    1896    1893    1909    1912    1911    1894
    1903    1895    1896    1894    1901    1904
    3479    1898    1900    1897    3477    3480
    1902    1904    1901    1899    1900    1898
    1900    1899    1906    1908    1905    1897
    1906    1919    1920    1918    1907    1908
    1911    1912    1910    1917    1920    1919
    1920    1917    1915    1916    1914    1918
    2177    2180    2179    1922    1924    1921
    1924    1922    1935    1936    1934    1923
    1985    1921    1924    1923    1986    1988
    1928    1925    1977    1980    1979    1926
    1935    1927    1928    1926    1933    1936
    2186    2188    2185    1925    1928    1927
    1991    1930    1932    1929    1989    1992
    1934    1936    1933    1931    1932    1930
    1932    1931    1974    1976    1973    1929
    1950    1939    1940    1938    1951    1952
    2210    2212    2209    1937    1940    1939
    1971    1942    1944    1941    1969    1972
    1949    1952    1951    1943    1944    1942
    2213    2216    2215    1946    1948    1945
    1948    1946    1950    1952    1949    1947
    1977    1945    1948    1947    1978    1980
    2003    1954    1956    1953    2001    2004
    1967    1968    1966    1955    1956    1954
    1973    1976    1975    1958    1960    1957
    1960    1958    1965    1968    1967    1959
    2009    1957    1960    1959    2010    2012
    1965    1963    1964    1962    1966    1968
    1970    1972    1969    1961    1964    1963
    1984    1982    1971    1972    1970    1983
    1974    1981    1984    1983    1975    1976
    1979    1980    1978    1982    1984    1981
    1987    1988    1986    1999    2000    1998
    2052    2049    1985    1988    1987    2050
    1990    1992    1989    2041    2044    2043
    2000    1999    1991    1992    1990    1997
    2056    2055    1994    1996    1993    2053
    1994    1998    2000    1997    1995    1996
    1993    1996    1995    2038    2040    2037
    2002    2004    2001    3425    3428    3427
    2016    2014    2003    2004    2002    2015
    2036    2035    2006    2008    2005    2033
    2006    2013    2016    2015    2007    2008
    2005    2008    2007    3434    3436    3433
    2011    2012    2010    2014    2016    2013
    2044    2041    2009    2012    2011    2042
    2068    2067    2018    2020    2017    2065
    2018    2031    2032    2030    2019    2020
    2017    2020    2019    3410    3412    3409
    2021    2037    2040    2039    2022    2024
    2023    2024    2022    2029    2032    2031
    2076    2073    2021    2024    2023    2074
    2026    2028    2025    3413    3416    3415
    2032    2029    2027    2028    2026    2030
    2027    2034    2036    2033    2025    2028
    2047    2048    2046    2035    2036    2034
    2040    2038    2045    2048    2047    2039
    2045    2043    2044    2042    2046    2048
    2064    2062    2051    2052    2050    2063
    2051    2114    2116    2113    2049    2052
    2107    2054    2056    2053    2105    2108
    2061    2064    2063    2055    2056    2054
    2057    2117    2120    2119    2058    2060
    2059    2060    2058    2062    2064    2061
    2104    2101    2057    2060    2059    2102
    3683    2066    2068    2065    3681    3684
    2079    2080    2078    2067    2068    2066
    2097    2100    2099    2070    2072    2069
    2072    2070    2077    2080    2079    2071
    3689    2069    2072    2071    3690    3692
    2077    2075    2076    2074    2078    2080
    2106    2108    2105    2073    2076    2075
    2081    2129    2132    2131    2082    2084
    2083    2084    2082    2095    2096    2094
    3668    3665    2081    2084    2083    3666
    2086    2088    2085    2101    2104    2103
    2096    2095    2087    2088    2086    2093
    2087    2138    2140    2137    2085    2088
    3672    3671    2090    2092    2089    3669
    2090    2094    2096    2093    2091    2092
    2089    2092    2091    2098    2100    2097
    2100    2098    2111    2112    2110    2099
    2111    2103    2104    2102    2109    2112
    2112    2109    2107    2108    2106    2110
    2127    2128    2126    2115    2116    2114
    2116    2115    2178    2180    2177    2113
    2169    2172    2171    2118    2120    2117
    2120    2118    2125    2128    2127    2119
    2124    2121    2181    2184    2183    2122
    2125    2123    2124    2122    2126    2128
    2166    2168    2165    2121    2124    2123
    2337    2340    2339    2130    2132    2129
    2132    2130    2143    2144    2142    2131
    2136    2133    2161    2164    2163    2134
    2143    2135    2136    2134    2141    2144
    2346    2348    2345    2133    2136    2135
    2142    2144    2141    2139    2140    2138
    2140    2139    2170    2172    2169    2137
    2148    2145    2193    2196    2195    2146
    2158    2147    2148    2146    2159    2160
    2322    2324    2321    2145    2148    2147
    2167    2150    2152    2149    2165    2168
    2157    2160    2159    2151    2152    2150
    2152    2151    2202    2204    2201    2149
    2325    2328    2327    2154    2156    2153
    2156    2154    2158    2160    2157    2155
    2161    2153    2156    2155    2162    2164
    2163    2164    2162    2175    2176    2174
    2176    2175    2167    2168    2166    2173
    2170    2174    2176    2173    2171    2172
    2178    2191    2192    2190    2179    2180
    2181    2233    2236    2235    2182    2184
    2183    2184    2182    2189    2192    2191
    2192    2189    2187    2188    2186    2190
    2187    2230    2232    2229    2185    2188
    2195    2196    2194    2207    2208    2206
    2198    2200    2197    2225    2228    2227
    2208    2207    2199    2200    2198    2205
    2202    2206    2208    2205    2203    2204
    2201    2204    2203    2234    2236    2233
    2224    2222    2211    2212    2210    2223
    2232    2231    2214    2216    2213    2229
    2214    2221    2224    2223    2215    2216
    2219    2220    2218    2222    2224    2221
    2228    2225    2217    2220    2219    2226
    2238    2227    2228    2226    2239    2240
    2237    2240    2239    2231    2232    2230
    2236    2234    2238    2240    2237    2235
    2497    2500    2499    2242    2244    2241
    2244    2242    2255    2256    2254    2243
    2305    2241    2244    2243    2306    2308
    2248    2245    2297    2300    2299    2246
    2255    2247    2248    2246    2253    2256
    2506    2508    2505    2245    2248    2247
    2311    2250    2252    2249    2309    2312
    2254    2256    2253    2251    2252    2250
    2252    2251    2294    2296    2293    2249
    2270    2259    2260    2258    2271    2272
    2530    2532    2529    2257    2260    2259
    2291    2262    2264    2261    2289    2292
    2269    2272    2271    2263    2264    2262
    2533    2536    2535    2266    2268    2265
    2268    2266    2270    2272    2269    2267
    2297    2265    2268    2267    2298    2300
    2323    2274    2276    2273    2321    2324
    2287    2288    2286    2275    2276    2274
    2293    2296    2295    2278    2280    2277
    2280    2278    2285    2288    2287    2279
    2329    2277    2280    2279    2330    2332
    2285    2283    2284    2282    2286    2288
    2290    2292    2289    2281    2284    2283
    2304    2302    2291    2292    2290    2303
    2294    2301    2304    2303    2295    2296
    2299    2300    2298    2302    2304    2301
    2307    2308    2306    2319    2320    2318
    2372    2369    2305    2308    2307    2370
    2310    2312    2309    2361    2364    2363
    2320    2319    2311    2312    2310    2317
    2376    2375    2314    2316    2313    2373
    2314    2318    2320    2317    2315    2316
    2313    2316    2315    2358    2360    2357
    2336    2334    2323    2324    2322    2335
    2356    2355    2326    2328    2325    2353
    2326    2333    2336    2335    2327    2328
    2331    2332    2330    2334    2336    2333
    2364    2361    2329    2332    2331    2362
    2388    2387    2338    2340    2337    2385
    2338    2351    2352    2350    2339    2340
    2341    2357    2360    2359    2342    2344
    2343    2344    2342    2349    2352    2351
    2396    2393    2341    2344    2343    2394
    2352    2349    2347    2348    2346    2350
    2347    2354    2356    2353    2345    2348
    2367    2368    2366    2355    2356    2354
    2360    2358    2365    2368    2367    2359
    2365    2363    2364    2362    2366    2368
    2382    2371    2372    2370    2383    2384
    2371    2434    2436    2433    2369    2372
    2427    2374    2376    2373    2425    2428
    2381    2384    2383    2375    2376    2374
    2377    2437    2440    2439    2378    2380
    2379    2380    2378    2382    2384    2381
    2424    2421    2377    2380    2379    2422
    3619    2386    2388    2385    3617    3620
    2399    2400    2398    2387    2388    2386
    2417    2420    2419    2390    2392    2389
    2392    2390    2397    2400    2399    2391
    3625    2389    2392    2391    3626    3628
    2397    2395    2396    2394    2398    2400
    2426    2428    2425    2393    2396    2395
    2401    2449    2452    2451    2402    2404
    2403    2404    2402    2415    2416    2414
    3604    3601    2401    2404    2403    3602
    2406    2408    2405    2421    2424    2423
    2416    2415    2407    2408    2406    2413
    2407    2458    2460    2457    2405    2408
    3608    3607    2410    2412    2409    3605
    2410    2414    2416    2413    2411    2412
    2409    2412    2411    2418    2420    2417
    2420    2418    2431    2432    2430    2419
    2431    2423    2424    2422    2429    2432
    2432    2429    2427    2428    2426    2430
    2447    2448    2446    2435    2436    2434
    2436    2435    2498    2500    2497    2433
    2489    2492    2491    2438    2440    2437
    2440    2438    2445    2448    2447    2439
    2444    2441    2501    2504    2503    2442
    2445    2443    2444    2442    2446    2448
    2486    2488    2485    2441    2444    2443
    2657    2660    2659    2450    2452    2449
    2452    2450    2463    2464    2462    2451
    2456    2453    2481    2484    2483    2454
    2463    2455    2456    2454    2461    2464
    2666    2668    2665    2453    2456    2455
    2462    2464    2461    2459    2460    2458
    2460    2459    2490    2492    2489    2457
    2468    2465    2513    2516    2515    2466
    2478    2467    2468    2466    2479    2480
    2642    2644    2641    2465    2468    2467
    2487    2470    2472    2469    2485    2488
    2477    2480    2479    2471    2472    2470
    2472    2471    2522    2524    2521    2469
    2645    2648    2647    2474    2476    2473
    2476    2474    2478    2480    2477    2475
    2481    2473    2476    2475    2482    2484
    2483    2484    2482    2495    2496    2494
    2496    2495    2487    2488    2486    2493
    2490    2494    2496    2493    2491    2492
    2498    2511    2512    2510    2499    2500
    2501    2553    2556    2555    2502    2504
    2503    2504    2502    2509    2512    2511
    2512    2509    2507    2508    2506    2510
    2507    2550    2552    2549    2505    2508
    2515    2516    2514    2527    2528    2526
    2518    2520    2517    2545    2548    2547
    2528    2527    2519    2520    2518    2525
    2522    2526    2528    2525    2523    2524
    2521    2524    2523    2554    2556    2553
    2544    2542    2531    2532    2530    2543
    2552    2551    2534    2536    2533    2549
    2534    2541    2544    2543    2535    2536
    2539    2540    2538    2542    2544    2541
    2548    2545    2537    2540    2539    2546
    2558    2547    2548    2546    2559    2560
    2557    2560    2559    2551    2552    2550
    2556    2554    2558    2560    2557    2555
    2817    2820    2819    2562    2564    2561
    2564    2562    2575    2576    2574    2563
    2625    2561    2564    2563    2626    2628
    2568    2565    2617    2620    2619    2566
    2575    2567    2568    2566    2573    2576
    2826    2828    2825    2565    2568    2567
    2631    2570    2572    2569    2629    2632
    2574    2576    2573    2571    2572    2570
    2572    2571    2614    2616    2613    2569
    2590    2579    2580    2578    2591    2592
    2850    2852    2849    2577    2580    2579
    2611    2582    2584    2581    2609    2612
    2589    2592    2591    2583    2584    2582
    2853    2856    2855    2586    2588    2585
    2588    2586    2590    2592    2589    2587
    2617    2585    2588    2587    2618    2620
    2643    2594    2596    2593    2641    2644
    2607    2608    2606    2595    2596    2594
    2613    2616    2615    2598    2600    2597
    2600    2598    2605    2608    2607    2599
    2649    2597    2600    2599    2650    2652
    2605    2603    2604    2602    2606    2608
    2610    2612    2609    2601    2604    2603
    2624    2622    2611    2612    2610    2623
    2614    2621    2624    2623    2615    2616
    2619    2620    2618    2622    2624    2621
    2627    2628    2626    2639    2640    2638
    2692    2689    2625    2628    2627    2690
    2630    2632    2629    2681    2684    2683
    2640    2639    2631    2632    2630    2637
    2696    2695    2634    2636    2633    2693
    2634    2638    2640    2637    2635    2636
    2633    2636    2635    2678    2680    2677
    2656    2654    2643    2644    2642    2655
    2676    2675    2646    2648    2645    2673
    2646    2653    2656    2655    2647    2648
    2651    2652    2650    2654    2656    2653
    2684    2681    2649    2652    2651    2682
    2708    2707    2658    2660    2657    2705
    2658    2671    2672    2670    2659    2660
    2661    2677    2680    2679    2662    2664
    2663    2664    2662    2669    2672    2671
    2716    2713    2661    2664    2663    2714
    2672    2669    2667    2668    2666    2670
    2667    2674    2676    2673    2665    2668
    2687    2688    2686    2675    2676    2674
    2680    2678    2685    2688    2687    2679
    2685    2683    2684    2682    2686    2688
    2704    2702    2691    2692    2690    2703
    2691    2754    2756    2753    2689    2692
    2747    2694    2696    2693    2745    2748
    2701    2704    2703    2695    2696    2694
    2697    2757    2760    2759    2698    2700
    2699    2700    2698    2702    2704    2701
    2744    2741    2697    2700    2699    2742
    3555    2706    2708    2705    3553    3556
    2719    2720    2718    2707    2708    2706
    2737    2740    2739    2710    2712    2709
    2712    2710    2717    2720    2719    2711
    3561    2709    2712    2711    3562    3564
    2717    2715    2716    2714    2718    2720
    2746    2748    2745    2713    2716    2715
    2721    2769    2772    2771    2722    2724
    2723    2724    2722    2735    2736    2734
    3540    3537    2721    2724    2723    3538
    2726    2728    2725    2741    2744    2743
    2736    2735    2727    2728    2726    2733
    2727    2778    2780    2777    2725    2728
    3544    3543    2730    2732    2729    3541
    2730    2734    2736    2733    2731    2732
    2729    2732    2731    2738    2740    2737
    2738    2751    2752    2750    2739    2740
    2751    2743    2744    2742    2749    2752
    2752    2749    2747    2748    2746    2750
    2767    2768    2766    2755    2756    2754
    2756    2755    2818    2820    2817    2753
    2809    2812    2811    2758    2760    2757
    2760    2758    2765    2768    2767    2759
    2764    2761    2821    2824    2823    2762
    2765    2763    2764    2762    2766    2768
    2806    2808    2805    2761    2764    2763
    2977    2980    2979    2770    2772    2769
    2772    2770    2783    2784    2782    2771
    2776    2773    2801    2804    2803    2774
    2783    2775    2776    2774    2781    2784
    2986    2988    2985    2773    2776    2775
    2782    2784    2781    2779    2780    2778
    2780    2779    2810    2812    2809    2777
    2788    2785    2833    2836    2835    2786
    2798    2787    2788    2786    2799    2800
    2962    2964    2961    2785    2788    2787
    2807    2790    2792    2789    2805    2808
    2797    2800    2799    2791    2792    2790
    2792    2791    2842    2844    2841    2789
    2965    2968    2967    2794    2796    2793
    2796    2794    2798    2800    2797    2795
    2801    2793    2796    2795    2802    2804
    2803    2804    2802    2815    2816    2814
    2816    2815    2807    2808    2806    2813
    2810    2814    2816    2813    2811    2812
    2818    2831    2832    2830    2819    2820
    2821    2873    2876    2875    2822    2824
    2823    2824    2822    2829    2832    2831
    2832    2829    2827    2828    2826    2830
    2827    2870    2872    2869    2825    2828
    2835    2836    2834    2847    2848    2846
    2838    2840    2837    2865    2868    2867
    2848    2847    2839    2840    2838    2845
    2842    2846    2848    2845    2843    2844
    2841    2844    2843    2874    2876    2873
    2864    2862    2851    2852    2850    2863
    2872    2871    2854    2856    2853    2869
    2854    2861    2864    2863    2855    2856
    2859    2860    2858    2862    2864    2861
    2868    2865    2857    2860    2859    2866
    2878    2867    2868    2866    2879    2880
    2877    2880    2879    2871    2872    2870
    2876    2874    2878    2880    2877    2875
    3137    3140    3139    2882    2884    2881
    2884    2882    2895    2896    2894    2883
    2945    2881    2884    2883    2946    2948
    2888    2885    2937    2940    2939    2886
    2895    2887    2888    2886    2893    2896
    3146    3148    3145    2885    2888    2887
    2951    2890    2892    2889    2949    2952
    2894    2896    2893    2891    2892    2890
    2892    2891    2934    2936    2933    2889
    2910    2899    2900    2898    2911    2912
    3170    3172    3169    2897    2900    2899
    2931    2902    2904    2901    2929    2932
    2909    2912    2911    2903    2904    2902
    3173    3176    3175    2906    2908    2905
    2908    2906    2910    2912    2909    2907
    2937    2905    2908    2907    2938    2940
    2963    2914    2916    2913    2961    2964
    2927    2928    2926    2915    2916    2914
    2933    2936    2935    2918    2920    2917
    2920    2918    2925    2928    2927    2919
    2969    2917    2920    2919    2970    2972
    2925    2923    2924    2922    2926    2928
    2930    2932    2929    2921    2924    2923
    2944    2942    2931    2932    2930    2943
    2934    2941    2944    2943    2935    2936
    2939    2940    2938    2942    2944    2941
    2947    2948    2946    2959    2960    2958
    3012    3009    2945    2948    2947    3010
    2950    2952    2949    3001    3004    3003
    2960    2959    2951    2952    2950    2957
    3016    3015    2954    2956    2953    3013
    2954    2958    2960    2957    2955    2956
    2953    2956    2955    2998    3000    2997
    2976    2974    2963    2964    2962    2975
    2996    2995    2966    2968    2965    2993
    2966    2973    2976    2975    2967    2968
    2971    2972    2970    2974    2976    2973
    3004    3001    2969    2972    2971    3002
    3028    3027    2978    2980    2977    3025
    2978    2991    2992    2990    2979    2980
    2981    2997    3000    2999    2982    2984
    2983    2984    2982    2989    2992    2991
    3036    3033    2981    2984    2983    3034
    2992    2989    2987    2988    2986    2990
    2987    2994    2996    2993    2985    2988
    3007    3008    3006    2995    2996    2994
    3000    2998    3005    3008    3007    2999
    3005    3003    3004    3002    3006    3008
    3022    3011    3012    3010    3023    3024
    3011    3074    3076    3073    3009    3012
    3067    3014    3016    3013    3065    3068
    3021    3024    3023    3015    3016    3014
    3017    3077    3080    3079    3018    3020
    3019    3020    3018    3022    3024    3021
    3064    3061    3017    3020    3019    3062
    3811    3026    3028    3025    3809    3812
    3039    3040    3038    3027    3028    3026
    3057    3060    3059    3030    3032    3029
    3032    3030    3037    3040    3039    3031
    3817    3029    3032    3031    3818    3820
    3037    3035    3036    3034    3038    3040
    3066    3068    3065    3033    3036    3035
    3041    3089    3092    3091    3042    3044
    3043    3044    3042    3055    3056    3054
    3796    3793    3041    3044    3043    3794
    3046    3048    3045    3061    3064    3063
    3056    3055    3047    3048    3046    3053
    3047    3098    3100    3097    3045    3048
    3800    3799    3050    3052    3049    3797
    3050    3054    3056    3053    3051    3052
    3049    3052    3051    3058    3060    3057
    3060    3058    3071    3072    3070    3059
    3071    3063    3064    3062    3069    3072
    3072    3069    3067    3068    3066    3070
    3087    3088    3086    3075    3076    3074
    3076    3075    3138    3140    3137    3073
    3129    3132    3131    3078    3080    3077
    3080    3078    3085    3088    3087    3079
    3084    3081    3141    3144    3143    3082
    3085    3083    3084    3082    3086    3088
    3126    3128    3125    3081    3084    3083
    3297    3300    3299    3090    3092    3089
    3092    3090    3103    3104    3102    3091
    3096    3093    3121    3124    3123    3094
    3103    3095    3096    3094    3101    3104
    3306    3308    3305    3093    3096    3095
    3102    3104    3101    3099    3100    3098
    3100    3099    3130    3132    3129    3097
    3108    3105    3153    3156    3155    3106
    3118    3107    3108    3106    3119    3120
    3282    3284    3281    3105    3108    3107
    3127    3110    3112    3109    3125    3128
    3117    3120    3119    3111    3112    3110
    3112    3111    3162    3164    3161    3109
    3285    3288    3287    3114    3116    3113
    3116    3114    3118    3120    3117    3115
    3121    3113    3116    3115    3122    3124
    3123    3124    3122    3135    3136    3134
    3136    3135    3127    3128    3126    3133
    3130    3134    3136    3133    3131    3132
    3138    3151    3152    3150    3139    3140
    3141    3193    3196    3195    3142    3144
    3143    3144    3142    3149    3152    3151
    3152    3149    3147    3148    3146    3150
    3147    3190    3192    3189    3145    3148
    3155    3156    3154    3167    3168    3166
    3158    3160    3157    3185    3188    3187
    3168    3167    3159    3160    3158    3165
    3162    3166    3168    3165    3163    3164
    3161    3164    3163    3194    3196    3193
    3184    3182    3171    3172    3170    3183
    3192    3191    3174    3176    3173    3189
    3174    3181    3184    3183    3175    3176
    3179    3180    3178    3182    3184    3181
    3188    3185    3177    3180    3179    3186
    3198    3187    3188    3186    3199    3200
    3197    3200    3199    3191    3192    3190
    3196    3194    3198    3200    3197    3195
    3457    3460    3459    3202    3204    3201
    3204    3202    3215    3216    3214    3203
    3265    3201    3204    3203    3266    3268
    3208    3205    3257    3260    3259    3206
    3215    3207    3208    3206    3213    3216
    3466    3468    3465    3205    3208    3207
    3271    3210    3212    3209    3269    3272
    3214    3216    3213    3211    3212    3210
    3212    3211    3254    3256    3253    3209
    3230    3219    3220    3218    3231    3232
    3490    3492    3489    3217    3220    3219
    3251    3222    3224    3221    3249    3252
    3229    3232    3231    3223    3224    3222
    3493    3496    3495    3226    3228    3225
    3228    3226    3230    3232    3229    3227
    3257    3225    3228    3227    3258    3260
    3283    3234    3236    3233    3281    3284
    3247    3248    3246    3235    3236    3234
    3253    3256    3255    3238    3240    3237
    3240    3238    3245    3248    3247    3239
    3289    3237    3240    3239    3290    3292
    3245    3243    3244    3242    3246    3248
    3250    3252    3249    3241    3244    3243
    3264    3262    3251    3252    3250    3263
    3254    3261    3264    3263    3255    3256
    3259    3260    3258    3262    3264    3261
    3267    3268    3266    3279    3280    3278
    3332    3329    3265    3268    3267    3330
    3270    3272    3269    3321    3324    3323
    3280    3279    3271    3272    3270    3277
    3336    3335    3274    3276    3273    3333
    3274    3278    3280    3277    3275    3276
    3273    3276    3275    3318    3320    3317
    3296    3294    3283    3284    3282    3295
    3316    3315    3286    3288    3285    3313
    3286    3293    3296    3295    3287    3288
    3291    3292    3290    3294    3296    3293
    3324    3321    3289    3292    3291    3322
    3348    3347    3298    3300    3297    3345
    3298    3311    3312    3310    3299    3300
    3301    3317    3320    3319    3302    3304
    3303    3304    3302    3309    3312    3311
    3356    3353    3301    3304    3303    3354
    3312    3309    3307    3308    3306    3310
    3307    3314    3316    3313    3305    3308
    3327    3328    3326    3315    3316    3314
    3320    3318    3325    3328    3327    3319
    3325    3323    3324    3322    3326    3328
    3344    3342    3331    3332    3330    3343
    3331    3394    3396    3393    3329    3332
    3387    3334    3336    3333    3385    3388
    3341    3344    3343    3335    3336    3334
    3337    3397    3400    3399    3338    3340
    3339    3340    3338    3342    3344    3341
    3384    3381    3337    3340    3339    3382
    3747    3346    3348    3345    3745    3748
    3359    3360    3358    3347    3348    3346
    3377    3380    3379    3350    3352    3349
    3352    3350    3357    3360    3359    3351
    3753    3349    3352    3351    3754    3756
    3357    3355    3356    3354    3358    3360
    3386    3388    3385    3353    3356    3355
    3361    3409    3412    3411    3362    3364
    3363    3364    3362    3375    3376    3374
    3732    3729    3361    3364    3363    3730
    3366    3368    3365    3381    3384    3383
    3376    3375    3367    3368    3366    3373
    3367    3418    3420    3417    3365    3368
    3736    3735    3370    3372    3369    3733
    3370    3374    3376    3373    3371    3372
    3369    3372    3371    3378    3380    3377
    3378    3391    3392    3390    3379    3380
    3391    3383    3384    3382    3389    3392
    3392    3389    3387    3388    3386    3390
    3407    3408    3406    3395    3396    3394
    3396    3395    3458    3460    3457    3393
    3449    3452    3451    3398    3400    3397
    3400    3398    3405    3408    3407    3399
    3404    3401    3461    3464    3463    3402
    3405    3403    3404    3402    3406    3408
    3446    3448    3445    3401    3404    3403
    3412    3410    3423    3424    3422    3411
    3416    3413    3441    3444    3443    3414
    3423    3415    3416    3414    3421    3424
    3422    3424    3421    3419    3420    3418
    3420    3419    3450    3452    3449    3417
    3428    3425    3473    3476    3475    3426
    3438    3427    3428    3426    3439    3440
    3447    3430    3432    3429    3445    3448
    3437    3440    3439    3431    3432    3430
    3432    3431    3482    3484    3481    3429
    3436    3434    3438    3440    3437    3435
    3441    3433    3436    3435    3442    3444
    3443    3444    3442    3455    3456    3454
    3456    3455    3447    3448    3446    3453
    3450    3454    3456    3453    3451    3452
    3458    3471    3472    3470    3459    3460
    3461    3513    3516    3515    3462    3464
    3463    3464    3462    3469    3472    3471
    3472    3469    3467    3468    3466    3470
    3467    3510    3512    3509    3465    3468
    3475    3476    3474    3487    3488    3486
    3478    3480    3477    3505    3508    3507
    3488    3487    3479    3480    3478    3485
    3482    3486    3488    3485    3483    3484
    3481    3484    3483    3514    3516    3513
    3504    3502    3491    3492    3490    3503
    3512    3511    3494    3496    3493    3509
    3494    3501    3504    3503    3495    3496
    3499    3500    3498    3502    3504    3501
    3508    3505    3497    3500    3499    3506
    3518    3507    3508    3506    3519    3520
    3517    3520    3519    3511    3512    3510
    3516    3514    3518    3520    3517    3515
    3777    3780    3779    3522    3524    3521
    3524    3522    3535    3536    3534    3523
    3521    3524    3523    3586    3588    3585
    3528    3525    3577    3580    3579    3526
    3535    3527    3528    3526    3533    3536
    3786    3788    3785    3525    3528    3527
    3530    3532    3529    3589    3592    3591
    3536    3533    3531    3532    3530    3534
    3531    3574    3576    3573    3529    3532
    3550    3539    3540    3538    3551    3552
    3810    3812    3809    3537    3540    3539
    3571    3542    3544    3541    3569    3572
    3549    3552    3551    3543    3544    3542
    3813    3816    3815    3546    3548    3545
    3548    3546    3550    3552    3549    3547
    3577    3545    3548    3547    3578    3580
    3554    3556    3553    3601    3604    3603
    3568    3566    3555    3556    3554    3567
    3576    3575    3558    3560    3557    3573
    3558    3565    3568    3567    3559    3560
    3557    3560    3559    3610    3612    3609
    3563    3564    3562    3566    3568    3565
    3572    3569    3561    3564    3563    3570
    3584    3582    3571    3572    3570    3583
    3581    3584    3583    3575    3576    3574
    3579    3580    3578    3582    3584    3581
    3588    3586    3599    3600    3598    3587
    3585    3588    3587    3650    3652    3649
    3592    3589    3641    3644    3643    3590
    3599    3591    3592    3590    3597    3600
    3594    3596    3593    3653    3656    3655
    3600    3597    3595    3596    3594    3598
    3595    3638    3640    3637    3593    3596
    3614    3603    3604    3602    3615    3616
    3635    3606    3608    3605    3633    3636
    3613    3616    3615    3607    3608    3606
    3612    3610    3614    3616    3613    3611
    3641    3609    3612    3611    3642    3644
    3618    3620    3617    3665    3668    3667
    3632    3630    3619    3620    3618    3631
    3640    3639    3622    3624    3621    3637
    3622    3629    3632    3631    3623    3624
    3621    3624    3623    3674    3676    3673
    3627    3628    3626    3630    3632    3629
    3636    3633    3625    3628    3627    3634
    3646    3635    3636    3634    3647    3648
    3645    3648    3647    3639    3640    3638
    3643    3644    3642    3646    3648    3645
    3650    3663    3664    3662    3651    3652
    3649    3652    3651    3714    3716    3713
    3656    3653    3705    3708    3707    3654
    3663    3655    3656    3654    3661    3664
    3658    3660    3657    3717    3720    3719
    3664    3661    3659    3660    3658    3662
    3659    3702    3704    3701    3657    3660
    3678    3667    3668    3666    3679    3680
    3699    3670    3672    3669    3697    3700
    3677    3680    3679    3671    3672    3670
    3676    3674    3678    3680    3677    3675
    3705    3673    3676    3675    3706    3708
    3682    3684    3681    3729    3732    3731
    3696    3694    3683    3684    3682    3695
    3704    3703    3686    3688    3685    3701
    3686    3693    3696    3695    3687    3688
    3685    3688    3687    3738    3740    3737
    3691    3692    3690    3694    3696    3693
    3700    3697    3689    3692    3691    3698
    3710    3699    3700    3698    3711    3712
    3709    3712    3711    3703    3704    3702
    3707    3708    3706    3710    3712    3709
    3714    3727    3728    3726    3715    3716
    3713    3716    3715    3778    3780    3777
    3720    3717    3769    3772    3771    3718
    3727    3719    3720    3718    3725    3728
    3722    3724    3721    3781    3784    3783
    3728    3725    3723    3724    3722    3726
    3723    3766    3768    3765    3721    3724
    3742    3731    3732    3730    3743    3744
    3763    3734    3736    3733    3761    3764
    3741    3744    3743    3735    3736    3734
    3740    3738    3742    3744    3741    3739
    3769    3737    3740    3739    3770    3772
    3746    3748    3745    3793    3796    3795
    3760    3758    3747    3748    3746    3759
    3768    3767    3750    3752    3749    3765
    3750    3757    3760    3759    3751    3752
    3749    3752    3751    3802    3804    3801
    3755    3756    3754    3758    3760    3757
    3764    3761    3753    3756    3755    3762
    3774    3763    3764    3762    3775    3776
    3773    3776    3775    3767    3768    3766
    3771    3772    3770    3774    3776    3773
    3778    3791    3792    3790    3779    3780
    3784    3781    3833    3836    3835    3782
    3791    3783    3784    3782    3789    3792
    3792    3789    3787    3788    3786    3790
    3787    3830    3832    3829    3785    3788
    3806    3795    3796    3794    3807    3808
    3827    3798    3800    3797    3825    3828
    3805    3808    3807    3799    3800    3798
    3804    3802    3806    3808    3805    3803
    3833    3801    3804    3803    3834    3836
    3824    3822    3811    3812    3810    3823
    3832    3831    3814    3816    3813    3829
    3814    3821    3824    3823    3815    3816
    3819    3820    3818    3822    3824    3821
    3828    3825    3817    3820    3819    3826
    3838    3827    3828    3826    3839    3840
    3837    3840    3839    3831    3832    3830
    3835    3836    3834    3838    3840    3837
